dataset_name,feature_name,tree_id,nodes,edges,diameter,weak_components,strong_components,node_connectivity,mean_hub_score,mean_auth_score,median_degree,mean_degree,depth,total_length_of_branches,branching_ratio
onlineshoppers,Administrative,0,27,339,3,1,1,-1,0.03703703703703704,0.03703703703703704,25.5,25.59090909090909,26,1690,0.015384615384615385
onlineshoppers,Administrative,1,27,301,3,1,2,-1,0.03703703703703704,0.037037037037037035,18.0,21.210526315789473,22,1564,0.014066496163682864
onlineshoppers,Administrative,2,27,318,3,1,1,-1,0.037037037037037035,0.037037037037037035,21.0,23.0,24,1744,0.013761467889908258
onlineshoppers,Administrative,3,27,315,2,1,1,-1,0.03703703703703703,0.03703703703703704,24.0,23.91304347826087,25,1622,0.015413070283600493
onlineshoppers,Administrative,4,28,290,3,1,2,-1,0.03571428571428572,0.03571428571428571,20.0,21.58823529411765,24,1666,0.014405762304921969
onlineshoppers,Administrative,5,27,340,3,1,1,-1,0.03703703703703704,0.037037037037037035,25.0,24.782608695652176,24,1852,0.012958963282937365
onlineshoppers,Administrative,6,27,309,3,1,2,-1,0.037037037037037035,0.037037037037037035,24.0,22.210526315789473,25,1820,0.013736263736263736
onlineshoppers,Administrative,7,28,310,3,1,2,-1,0.03571428571428571,0.03571428571428571,21.0,21.476190476190474,26,1728,0.015046296296296295
onlineshoppers,Administrative,8,26,345,2,1,1,-1,0.03846153846153846,0.03846153846153847,22.5,24.22222222222222,27,1878,0.01437699680511182
onlineshoppers,Administrative,9,26,332,2,1,1,-1,0.038461538461538464,0.038461538461538464,24.0,25.055555555555557,24,1590,0.01509433962264151
onlineshoppers,Administrative,10,28,293,3,1,2,-1,0.03571428571428571,0.03571428571428571,17.0,20.736842105263158,26,1636,0.01589242053789731
onlineshoppers,Administrative,11,26,293,3,1,1,-1,0.038461538461538464,0.038461538461538464,27.0,24.294117647058822,21,1582,0.01327433628318584
onlineshoppers,Administrative,12,27,342,3,1,1,-1,0.03703703703703704,0.037037037037037035,25.0,25.17391304347826,28,1938,0.014447884416924664
onlineshoppers,Administrative,13,28,345,3,1,1,-1,0.03571428571428571,0.03571428571428572,22.0,23.333333333333332,24,1896,0.012658227848101266
onlineshoppers,Administrative,14,27,341,2,1,1,-1,0.037037037037037035,0.037037037037037035,25.0,25.571428571428573,28,1696,0.01650943396226415
onlineshoppers,Administrative,15,27,329,3,1,1,-1,0.037037037037037035,0.037037037037037035,23.0,22.94736842105263,26,1656,0.01570048309178744
onlineshoppers,Administrative,16,27,307,3,1,1,-1,0.03703703703703703,0.03703703703703703,26.0,23.52173913043478,27,1566,0.017241379310344827
onlineshoppers,Administrative,17,26,301,2,1,1,-1,0.03846153846153847,0.038461538461538464,25.0,24.88235294117647,22,1550,0.014193548387096775
onlineshoppers,Administrative,18,28,302,3,1,2,-1,0.035714285714285705,0.03571428571428571,24.5,23.333333333333332,22,1772,0.012415349887133182
onlineshoppers,Administrative,19,28,329,3,1,1,-1,0.03571428571428571,0.03571428571428571,25.0,24.26086956521739,25,1682,0.014863258026159334
onlineshoppers,Administrative,20,26,338,3,1,1,-1,0.03846153846153847,0.03846153846153846,31.0,26.647058823529413,26,1826,0.014238773274917854
onlineshoppers,Administrative,21,28,297,3,1,2,-1,0.03571428571428571,0.03571428571428571,26.0,23.42105263157895,26,1620,0.016049382716049384
onlineshoppers,Administrative,22,27,321,3,1,1,-1,0.03703703703703704,0.037037037037037035,25.5,24.0,25,1736,0.014400921658986175
onlineshoppers,Administrative,23,27,285,3,1,3,-1,0.03703703703703704,0.037037037037037035,20.5,19.666666666666668,23,1672,0.01375598086124402
onlineshoppers,Administrative,24,27,300,3,1,1,-1,0.037037037037037056,0.03703703703703702,17.0,20.941176470588236,26,1608,0.01616915422885572
onlineshoppers,Administrative,25,28,315,3,1,1,-1,0.03571428571428571,0.03571428571428572,19.0,21.35,26,1630,0.015950920245398775
onlineshoppers,Administrative,26,27,290,3,1,1,-1,0.037037037037037035,0.03703703703703704,21.5,21.5,25,1580,0.015822784810126583
onlineshoppers,Administrative,27,27,296,3,1,2,-1,0.03703703703703704,0.03703703703703704,17.0,20.36842105263158,28,1694,0.01652892561983471
onlineshoppers,Administrative,28,27,333,3,1,1,-1,0.037037037037037035,0.037037037037037035,23.5,23.954545454545453,28,1730,0.016184971098265895
onlineshoppers,Administrative,29,26,314,3,1,1,-1,0.03846153846153845,0.038461538461538464,24.5,24.5,28,1788,0.015659955257270694
onlineshoppers,Administrative,30,28,320,3,1,1,-1,0.03571428571428571,0.03571428571428571,16.5,21.454545454545453,26,1770,0.014689265536723164
onlineshoppers,Administrative,31,26,314,2,1,1,-1,0.03846153846153847,0.03846153846153846,25.0,23.047619047619047,26,1622,0.016029593094944512
onlineshoppers,Administrative,32,26,341,2,1,1,-1,0.038461538461538464,0.03846153846153847,25.0,26.0,26,1762,0.014755959137343927
onlineshoppers,Administrative,33,27,309,3,1,1,-1,0.037037037037037035,0.037037037037037035,23.0,23.095238095238095,26,1616,0.01608910891089109
onlineshoppers,Administrative,34,26,305,2,1,1,-1,0.03846153846153847,0.03846153846153847,24.5,23.318181818181817,22,1690,0.01301775147928994
onlineshoppers,Administrative,35,26,282,3,1,1,-1,0.038461538461538464,0.03846153846153847,20.5,21.444444444444443,25,1560,0.016025641025641024
onlineshoppers,Administrative,36,27,340,3,1,2,-1,0.037037037037037035,0.037037037037037035,25.0,24.57894736842105,28,1982,0.014127144298688193
onlineshoppers,Administrative,37,28,313,3,1,1,-1,0.03571428571428571,0.03571428571428572,19.5,21.3,24,1690,0.014201183431952662
onlineshoppers,Administrative,38,26,323,3,1,2,-1,0.03846153846153847,0.038461538461538464,27.5,26.636363636363637,23,1722,0.013356562137049941
onlineshoppers,Administrative,39,28,321,3,1,1,-1,0.03571428571428572,0.03571428571428571,19.5,22.541666666666668,23,1728,0.013310185185185185
onlineshoppers,Administrative,40,27,315,3,1,2,-1,0.037037037037037035,0.037037037037037035,31.0,25.823529411764707,28,1804,0.015521064301552107
onlineshoppers,Administrative,41,26,331,3,1,1,-1,0.038461538461538464,0.03846153846153847,23.0,25.210526315789473,24,1670,0.01437125748502994
onlineshoppers,Administrative,42,26,320,2,1,1,-1,0.038461538461538464,0.03846153846153847,25.0,24.428571428571427,23,1542,0.014915693904020753
onlineshoppers,Administrative,43,27,305,3,1,1,-1,0.037037037037037035,0.037037037037037035,23.0,23.210526315789473,23,1596,0.014411027568922305
onlineshoppers,Administrative,44,27,308,3,1,1,-1,0.037037037037037035,0.037037037037037035,17.0,20.529411764705884,23,1652,0.013922518159806295
onlineshoppers,Administrative,45,26,309,2,1,1,-1,0.038461538461538464,0.038461538461538464,29.0,24.736842105263158,25,1630,0.015337423312883436
onlineshoppers,Administrative,46,27,297,3,1,1,-1,0.03703703703703704,0.03703703703703703,25.0,22.57894736842105,26,1588,0.0163727959697733
onlineshoppers,Administrative,47,28,330,3,1,1,-1,0.03571428571428571,0.03571428571428571,24.0,24.875,25,1644,0.015206812652068127
onlineshoppers,Administrative,48,26,316,2,1,1,-1,0.03846153846153846,0.03846153846153846,24.5,23.8,27,1544,0.017487046632124352
onlineshoppers,Administrative,49,27,355,2,1,1,-1,0.03703703703703703,0.037037037037037035,29.0,27.38095238095238,25,1844,0.013557483731019523
onlineshoppers,Administrative,50,28,285,3,1,1,-1,0.03571428571428571,0.035714285714285705,17.0,19.42105263157895,25,1636,0.015281173594132029
onlineshoppers,Administrative,51,28,311,3,1,1,-1,0.03571428571428571,0.03571428571428572,17.0,21.166666666666668,23,1576,0.014593908629441625
onlineshoppers,Administrative,52,27,363,3,1,1,-1,0.037037037037037035,0.03703703703703703,27.0,26.75,28,1742,0.016073478760045924
onlineshoppers,Administrative,53,27,302,3,1,3,-1,0.037037037037037035,0.037037037037037035,19.0,21.17391304347826,24,1530,0.01568627450980392
onlineshoppers,Administrative,54,27,331,3,1,1,-1,0.037037037037037035,0.037037037037037035,23.0,23.789473684210527,26,1838,0.014145810663764961
onlineshoppers,Administrative,55,27,336,2,1,1,-1,0.037037037037037035,0.037037037037037035,24.0,23.363636363636363,25,1722,0.014518002322880372
onlineshoppers,Administrative,56,27,342,2,1,2,-1,0.037037037037037035,0.03703703703703704,26.0,25.761904761904763,25,1666,0.015006002400960384
onlineshoppers,Administrative,57,28,325,3,1,1,-1,0.03571428571428572,0.035714285714285705,22.0,24.130434782608695,22,1926,0.01142263759086189
onlineshoppers,Administrative,58,28,312,3,1,1,-1,0.03571428571428571,0.03571428571428573,25.0,23.571428571428573,27,1800,0.015
onlineshoppers,Administrative,59,27,312,2,1,2,-1,0.03703703703703703,0.037037037037037035,22.0,23.238095238095237,27,1814,0.014884233737596472
onlineshoppers,Administrative,60,27,329,2,1,1,-1,0.037037037037037035,0.037037037037037035,17.0,22.761904761904763,24,1964,0.012219959266802444
onlineshoppers,Administrative,61,27,304,3,1,1,-1,0.03703703703703704,0.03703703703703703,27.5,23.40909090909091,24,1618,0.014833127317676144
onlineshoppers,Administrative,62,27,300,3,1,1,-1,0.037037037037037035,0.037037037037037035,18.0,20.40909090909091,25,1556,0.016066838046272493
onlineshoppers,Administrative,63,27,329,3,1,1,-1,0.03703703703703704,0.03703703703703704,27.0,24.45,25,1628,0.015356265356265357
onlineshoppers,Administrative,64,27,320,3,1,1,-1,0.037037037037037035,0.037037037037037035,19.0,24.105263157894736,22,1904,0.011554621848739496
onlineshoppers,Administrative,65,27,308,3,1,1,-1,0.03703703703703702,0.037037037037037035,27.0,23.636363636363637,24,1818,0.013201320132013201
onlineshoppers,Administrative,66,27,326,3,1,2,-1,0.03703703703703703,0.037037037037037035,23.5,22.5,27,1600,0.016875
onlineshoppers,Administrative,67,27,292,3,1,1,-1,0.03703703703703704,0.03703703703703704,22.0,21.952380952380953,26,1548,0.016795865633074936
onlineshoppers,Administrative,68,27,316,3,1,2,-1,0.037037037037037035,0.037037037037037035,23.5,23.863636363636363,26,1692,0.015366430260047281
onlineshoppers,Administrative,69,27,354,3,1,1,-1,0.037037037037037035,0.037037037037037035,28.0,26.523809523809526,25,1816,0.013766519823788546
onlineshoppers,Administrative,70,26,301,3,1,2,-1,0.03846153846153847,0.038461538461538464,21.0,22.1,25,1578,0.015842839036755388
onlineshoppers,Administrative,71,28,306,3,1,3,-1,0.0357142857142857,0.03571428571428571,28.5,22.454545454545453,32,1752,0.0182648401826484
onlineshoppers,Administrative,72,27,306,3,1,1,-1,0.037037037037037035,0.03703703703703704,20.5,22.727272727272727,26,1808,0.014380530973451327
onlineshoppers,Administrative,73,27,291,3,1,2,-1,0.037037037037037035,0.037037037037037035,19.0,20.0,24,1670,0.01437125748502994
onlineshoppers,Administrative,74,28,335,3,1,1,-1,0.03571428571428572,0.03571428571428571,20.0,21.695652173913043,23,1716,0.013403263403263404
onlineshoppers,Administrative,75,26,265,3,1,3,-1,0.03846153846153845,0.038461538461538464,23.0,21.095238095238095,28,1570,0.017834394904458598
onlineshoppers,Administrative,76,28,294,3,1,2,-1,0.03571428571428571,0.03571428571428571,20.0,22.11111111111111,27,1682,0.01605231866825208
onlineshoppers,Administrative,77,28,301,3,1,2,-1,0.03571428571428571,0.03571428571428572,26.0,21.869565217391305,22,1644,0.01338199513381995
onlineshoppers,Administrative,78,26,275,3,1,2,-1,0.03846153846153845,0.03846153846153846,23.0,21.0,23,1548,0.014857881136950904
onlineshoppers,Administrative,79,27,328,3,1,1,-1,0.037037037037037035,0.037037037037037035,22.0,22.818181818181817,30,1720,0.01744186046511628
onlineshoppers,Administrative,80,27,313,3,1,1,-1,0.03703703703703704,0.03703703703703703,20.0,21.095238095238095,25,1918,0.013034410844629822
onlineshoppers,Administrative,81,28,343,3,1,2,-1,0.03571428571428571,0.03571428571428571,24.0,24.157894736842106,26,1916,0.013569937369519834
onlineshoppers,Administrative,82,28,342,3,1,2,-1,0.03571428571428572,0.03571428571428571,27.5,24.0,26,1832,0.014192139737991267
onlineshoppers,Administrative,83,28,315,3,1,3,-1,0.035714285714285705,0.03571428571428572,23.0,22.894736842105264,26,1880,0.013829787234042552
onlineshoppers,Administrative,84,26,322,3,1,2,-1,0.038461538461538464,0.038461538461538464,28.5,24.545454545454547,25,1828,0.013676148796498906
onlineshoppers,Administrative,85,28,316,3,1,1,-1,0.03571428571428571,0.03571428571428571,17.5,21.1,24,1648,0.014563106796116505
onlineshoppers,Administrative,86,28,342,3,1,1,-1,0.03571428571428572,0.03571428571428571,27.0,24.636363636363637,22,1728,0.01273148148148148
onlineshoppers,Administrative,87,26,346,2,1,2,-1,0.038461538461538464,0.03846153846153847,31.5,28.38888888888889,32,1956,0.016359918200409
onlineshoppers,Administrative,88,27,327,3,1,1,-1,0.037037037037037035,0.03703703703703704,24.0,25.0,24,1740,0.013793103448275862
onlineshoppers,Administrative,89,27,304,3,1,1,-1,0.03703703703703704,0.037037037037037035,27.0,23.61904761904762,31,1708,0.018149882903981264
onlineshoppers,Administrative,90,26,319,2,1,1,-1,0.03846153846153847,0.038461538461538464,25.0,25.3,24,1728,0.013888888888888888
onlineshoppers,Administrative,91,26,323,2,1,1,-1,0.03846153846153847,0.03846153846153847,23.0,23.85,20,1654,0.012091898428053204
onlineshoppers,Administrative,92,27,303,3,1,1,-1,0.037037037037037035,0.03703703703703704,22.0,22.17391304347826,28,1638,0.017094017094017096
onlineshoppers,Administrative,93,27,308,3,1,1,-1,0.037037037037037035,0.03703703703703704,20.0,22.22222222222222,24,1624,0.014778325123152709
onlineshoppers,Administrative,94,27,319,3,1,1,-1,0.037037037037037035,0.03703703703703703,21.0,21.65,26,1556,0.016709511568123392
onlineshoppers,Administrative,95,28,321,3,1,2,-1,0.03571428571428572,0.03571428571428571,18.5,22.40909090909091,28,1580,0.017721518987341773
onlineshoppers,Administrative,96,28,357,3,1,1,-1,0.03571428571428571,0.03571428571428571,27.0,25.227272727272727,25,1972,0.012677484787018255
onlineshoppers,Administrative,97,28,322,3,1,1,-1,0.03571428571428571,0.03571428571428571,21.0,23.47826086956522,28,1672,0.01674641148325359
onlineshoppers,Administrative,98,26,345,3,1,1,-1,0.03846153846153847,0.038461538461538464,25.5,25.61111111111111,24,1700,0.01411764705882353
onlineshoppers,Administrative,99,28,318,3,1,2,-1,0.03571428571428571,0.03571428571428571,22.5,22.555555555555557,22,1650,0.013333333333333334
onlineshoppers,Administrative,100,26,324,3,1,1,-1,0.038461538461538464,0.038461538461538464,22.0,23.095238095238095,26,1658,0.015681544028950542
onlineshoppers,Administrative,101,26,301,2,1,1,-1,0.038461538461538464,0.038461538461538464,22.5,22.318181818181817,28,1504,0.018617021276595744
onlineshoppers,Administrative,102,28,331,3,1,1,-1,0.03571428571428571,0.03571428571428571,22.5,24.318181818181817,22,1738,0.012658227848101266
onlineshoppers,Administrative,103,26,308,3,1,2,-1,0.038461538461538464,0.03846153846153846,23.0,23.263157894736842,24,1688,0.014218009478672985
onlineshoppers,Administrative,104,28,308,3,1,1,-1,0.03571428571428571,0.03571428571428571,26.0,23.263157894736842,25,1698,0.014723203769140165
onlineshoppers,Administrative,105,27,335,3,1,2,-1,0.03703703703703704,0.037037037037037035,27.5,26.181818181818183,25,1922,0.013007284079084287
onlineshoppers,Administrative,106,28,317,3,1,1,-1,0.03571428571428572,0.03571428571428571,21.5,22.318181818181817,24,1662,0.01444043321299639
onlineshoppers,Administrative,107,28,336,3,1,1,-1,0.03571428571428572,0.03571428571428571,22.0,22.36842105263158,26,1652,0.015738498789346248
onlineshoppers,Administrative,108,26,304,2,1,1,-1,0.038461538461538464,0.03846153846153845,20.0,22.5,29,1600,0.018125
onlineshoppers,Administrative,109,27,283,3,1,2,-1,0.03703703703703704,0.037037037037037035,19.0,21.526315789473685,25,1560,0.016025641025641024
onlineshoppers,Administrative,110,28,329,3,1,1,-1,0.03571428571428571,0.03571428571428571,25.5,24.55,25,1668,0.01498800959232614
onlineshoppers,Administrative,111,27,318,2,1,1,-1,0.037037037037037035,0.037037037037037035,25.0,23.666666666666668,30,1786,0.0167973124300112
onlineshoppers,Administrative,112,28,325,3,1,1,-1,0.03571428571428571,0.03571428571428571,19.0,21.863636363636363,24,1732,0.013856812933025405
onlineshoppers,Administrative,113,27,278,3,1,2,-1,0.037037037037037035,0.037037037037037035,24.0,21.42105263157895,28,1588,0.017632241813602016
onlineshoppers,Administrative,114,28,309,3,1,1,-1,0.03571428571428572,0.03571428571428571,28.5,23.95,25,1790,0.013966480446927373
onlineshoppers,Administrative,115,26,349,2,1,1,-1,0.038461538461538464,0.03846153846153847,29.0,27.428571428571427,28,1878,0.014909478168264111
onlineshoppers,Administrative,116,27,314,3,1,1,-1,0.03703703703703703,0.03703703703703704,25.0,22.714285714285715,26,1596,0.016290726817042606
onlineshoppers,Administrative,117,28,336,3,1,2,-1,0.03571428571428571,0.03571428571428571,20.0,23.571428571428573,31,1854,0.016720604099244876
onlineshoppers,Administrative,118,27,320,2,1,1,-1,0.03703703703703703,0.037037037037037035,25.0,24.904761904761905,23,1670,0.013772455089820359
onlineshoppers,Administrative,119,26,333,2,1,1,-1,0.03846153846153847,0.038461538461538464,24.0,23.263157894736842,22,1690,0.01301775147928994
onlineshoppers,Administrative,120,27,303,2,1,1,-1,0.037037037037037035,0.037037037037037035,20.0,21.36842105263158,29,1566,0.018518518518518517
onlineshoppers,Administrative,121,27,328,3,1,1,-1,0.037037037037037035,0.03703703703703703,20.0,23.333333333333332,25,1856,0.013469827586206896
onlineshoppers,Administrative,122,27,283,3,1,2,-1,0.037037037037037035,0.03703703703703704,24.0,22.19047619047619,27,1674,0.016129032258064516
onlineshoppers,Administrative,123,26,307,2,1,1,-1,0.03846153846153847,0.03846153846153846,23.5,24.5,27,1624,0.0166256157635468
onlineshoppers,Administrative,124,28,292,3,1,4,-1,0.03571428571428571,0.03571428571428571,21.0,21.65,27,1798,0.015016685205784204
onlineshoppers,Administrative,125,26,326,2,1,1,-1,0.038461538461538464,0.038461538461538464,27.0,25.823529411764707,24,1602,0.0149812734082397
onlineshoppers,Administrative,126,28,340,3,1,3,-1,0.03571428571428572,0.03571428571428571,19.0,21.57894736842105,25,1918,0.013034410844629822
onlineshoppers,Administrative,127,26,351,2,1,1,-1,0.03846153846153847,0.038461538461538464,30.5,28.166666666666668,27,1656,0.016304347826086956
onlineshoppers,Administrative,128,27,335,3,1,1,-1,0.037037037037037035,0.037037037037037035,25.5,24.59090909090909,29,1698,0.01707891637220259
onlineshoppers,Administrative,129,26,320,3,1,2,-1,0.038461538461538464,0.03846153846153847,26.5,24.85,22,1760,0.0125
onlineshoppers,Administrative,130,27,325,2,1,1,-1,0.037037037037037035,0.037037037037037056,22.5,22.95,23,1616,0.014232673267326733
onlineshoppers,Administrative,131,26,314,2,1,1,-1,0.038461538461538464,0.038461538461538464,26.0,24.428571428571427,24,1596,0.015037593984962405
onlineshoppers,Administrative,132,26,315,2,1,1,-1,0.03846153846153846,0.038461538461538464,17.0,22.333333333333332,25,1536,0.016276041666666668
onlineshoppers,Administrative,133,28,311,3,1,1,-1,0.03571428571428571,0.03571428571428571,22.0,23.36,27,1674,0.016129032258064516
onlineshoppers,Administrative,134,27,346,3,1,1,-1,0.03703703703703703,0.037037037037037035,26.0,24.391304347826086,30,1786,0.0167973124300112
onlineshoppers,Administrative,135,26,315,3,1,1,-1,0.038461538461538464,0.03846153846153847,25.0,24.055555555555557,26,1608,0.01616915422885572
onlineshoppers,Administrative,136,27,323,3,1,1,-1,0.037037037037037035,0.037037037037037035,28.5,24.5,30,1604,0.018703241895261846
onlineshoppers,Administrative,137,28,302,3,1,2,-1,0.03571428571428571,0.035714285714285705,17.0,20.941176470588236,28,1676,0.016706443914081145
onlineshoppers,Administrative,138,26,312,3,1,1,-1,0.03846153846153845,0.038461538461538464,24.5,23.5,22,1564,0.014066496163682864
onlineshoppers,Administrative,139,27,320,3,1,1,-1,0.037037037037037035,0.037037037037037056,20.5,22.681818181818183,22,1670,0.013173652694610778
onlineshoppers,Administrative,140,28,325,2,1,1,-1,0.03571428571428571,0.03571428571428572,23.0,23.55,23,1776,0.01295045045045045
onlineshoppers,Administrative,141,26,298,2,1,2,-1,0.03846153846153847,0.038461538461538464,23.0,22.68421052631579,25,1724,0.014501160092807424
onlineshoppers,Administrative,142,27,312,2,1,1,-1,0.037037037037037035,0.037037037037037035,22.0,22.47826086956522,23,1696,0.013561320754716982
onlineshoppers,Administrative,143,28,303,3,1,1,-1,0.035714285714285705,0.035714285714285705,24.5,22.45,24,1626,0.014760147601476014
onlineshoppers,Administrative,144,25,303,3,1,2,-1,0.04,0.039999999999999994,28.0,23.952380952380953,26,1800,0.014444444444444444
onlineshoppers,Administrative,145,27,317,3,1,1,-1,0.037037037037037035,0.03703703703703703,22.5,22.5,33,1640,0.020121951219512196
onlineshoppers,Administrative,146,28,350,3,1,1,-1,0.03571428571428571,0.03571428571428571,28.0,26.05263157894737,28,1738,0.01611047180667434
onlineshoppers,Administrative,147,27,323,3,1,2,-1,0.037037037037037035,0.03703703703703704,29.0,25.1,24,1634,0.014687882496940025
onlineshoppers,Administrative,148,26,315,2,1,1,-1,0.03846153846153847,0.038461538461538464,22.5,22.75,23,1698,0.013545347467608953
onlineshoppers,Administrative,149,27,326,3,1,2,-1,0.03703703703703704,0.037037037037037035,22.5,24.0625,23,1852,0.012419006479481642
onlineshoppers,Administrative,150,26,349,2,1,1,-1,0.03846153846153846,0.038461538461538464,28.5,26.95,25,1636,0.015281173594132029
onlineshoppers,Administrative,151,27,333,2,1,1,-1,0.037037037037037035,0.037037037037037035,28.5,25.833333333333332,28,1946,0.014388489208633094
onlineshoppers,Administrative,152,27,338,2,1,1,-1,0.037037037037037035,0.03703703703703703,21.0,24.0,29,1850,0.015675675675675675
onlineshoppers,Administrative,153,27,313,3,1,1,-1,0.037037037037037035,0.03703703703703704,21.0,22.736842105263158,28,1566,0.017879948914431672
onlineshoppers,Administrative,154,27,338,2,1,1,-1,0.037037037037037035,0.037037037037037035,22.0,24.0,29,1696,0.017099056603773585
onlineshoppers,Administrative,155,27,311,3,1,2,-1,0.037037037037037035,0.037037037037037035,20.0,21.63157894736842,25,1518,0.016469038208168644
onlineshoppers,Administrative,156,26,327,2,1,1,-1,0.03846153846153847,0.03846153846153847,28.0,25.105263157894736,28,1762,0.015891032917139614
onlineshoppers,Administrative,157,27,322,3,1,1,-1,0.037037037037037035,0.03703703703703704,20.0,22.761904761904763,24,1758,0.013651877133105802
onlineshoppers,Administrative,158,26,305,2,1,1,-1,0.03846153846153847,0.03846153846153846,22.0,22.705882352941178,22,1620,0.013580246913580247
onlineshoppers,Administrative,159,27,355,3,1,1,-1,0.03703703703703704,0.037037037037037035,24.0,25.63157894736842,25,1768,0.01414027149321267
onlineshoppers,Administrative,160,26,347,2,1,1,-1,0.03846153846153846,0.03846153846153846,31.0,28.61904761904762,23,1752,0.013127853881278538
onlineshoppers,Administrative,161,27,310,3,1,1,-1,0.037037037037037035,0.03703703703703704,26.0,22.047619047619047,25,1640,0.01524390243902439
onlineshoppers,Administrative,162,27,302,3,1,1,-1,0.03703703703703704,0.037037037037037035,26.0,22.944444444444443,22,1664,0.013221153846153846
onlineshoppers,Administrative,163,26,321,2,1,1,-1,0.038461538461538464,0.03846153846153847,24.0,24.31578947368421,29,1712,0.016939252336448597
onlineshoppers,Administrative,164,25,286,3,1,2,-1,0.039999999999999994,0.04,25.0,23.1,22,1546,0.014230271668822769
onlineshoppers,Administrative,165,27,319,3,1,1,-1,0.03703703703703704,0.037037037037037035,24.5,24.833333333333332,27,1594,0.016938519447929738
onlineshoppers,Administrative,166,26,300,2,1,1,-1,0.03846153846153847,0.038461538461538464,23.5,22.272727272727273,26,1766,0.014722536806342015
onlineshoppers,Administrative,167,27,316,3,1,1,-1,0.037037037037037035,0.037037037037037035,24.5,23.727272727272727,27,1634,0.016523867809057527
onlineshoppers,Administrative,168,28,357,3,1,2,-1,0.035714285714285705,0.03571428571428571,26.0,25.17391304347826,27,1840,0.014673913043478261
onlineshoppers,Administrative,169,27,352,2,1,1,-1,0.03703703703703704,0.03703703703703704,23.0,24.285714285714285,29,1826,0.01588170865279299
onlineshoppers,Administrative,170,27,318,3,1,1,-1,0.03703703703703703,0.037037037037037035,20.0,24.105263157894736,22,1668,0.013189448441247002
onlineshoppers,Administrative,171,27,312,2,1,1,-1,0.03703703703703704,0.037037037037037035,22.0,22.91304347826087,26,1608,0.01616915422885572
onlineshoppers,Administrative,172,26,284,3,1,2,-1,0.038461538461538464,0.038461538461538464,16.0,20.470588235294116,22,1606,0.0136986301369863
onlineshoppers,Administrative,173,27,319,3,1,1,-1,0.037037037037037035,0.03703703703703704,20.5,22.545454545454547,24,1662,0.01444043321299639
onlineshoppers,Administrative,174,27,325,3,1,1,-1,0.03703703703703704,0.03703703703703703,23.5,24.045454545454547,24,1774,0.013528748590755355
onlineshoppers,Administrative,175,27,299,3,1,2,-1,0.037037037037037035,0.03703703703703703,25.0,22.647058823529413,27,1640,0.016463414634146342
onlineshoppers,Administrative,176,26,312,2,1,1,-1,0.038461538461538464,0.03846153846153846,23.0,23.176470588235293,27,1624,0.0166256157635468
onlineshoppers,Administrative,177,26,303,2,1,1,-1,0.038461538461538464,0.03846153846153845,27.0,24.63157894736842,25,1602,0.015605493133583021
onlineshoppers,Administrative,178,27,338,3,1,1,-1,0.037037037037037035,0.037037037037037035,21.5,23.045454545454547,26,1874,0.013874066168623266
onlineshoppers,Administrative,179,26,316,3,1,1,-1,0.038461538461538464,0.03846153846153847,29.0,24.42105263157895,21,1684,0.012470308788598575
onlineshoppers,Administrative,180,26,303,3,1,1,-1,0.03846153846153846,0.03846153846153845,23.0,22.095238095238095,24,1646,0.014580801944106925
onlineshoppers,Administrative,181,26,330,2,1,1,-1,0.03846153846153847,0.03846153846153847,21.0,23.31578947368421,25,1608,0.01554726368159204
onlineshoppers,Administrative,182,27,324,3,1,3,-1,0.037037037037037035,0.037037037037037035,23.0,22.90909090909091,27,1726,0.015643105446118192
onlineshoppers,Administrative,183,27,327,3,1,1,-1,0.037037037037037035,0.037037037037037035,20.0,22.38095238095238,29,1662,0.017448856799037304
onlineshoppers,Administrative,184,27,337,3,1,1,-1,0.037037037037037035,0.037037037037037035,27.0,25.0,26,1734,0.014994232987312572
onlineshoppers,Administrative,185,27,324,3,1,2,-1,0.037037037037037035,0.03703703703703704,20.0,22.25,25,1780,0.014044943820224719
onlineshoppers,Administrative,186,27,323,3,1,1,-1,0.037037037037037035,0.03703703703703703,24.0,22.454545454545453,27,1834,0.014721919302071973
onlineshoppers,Administrative,187,27,296,3,1,1,-1,0.03703703703703704,0.03703703703703703,17.0,18.8125,28,1624,0.017241379310344827
onlineshoppers,Administrative,188,27,323,3,1,1,-1,0.037037037037037035,0.037037037037037035,22.5,23.625,28,1704,0.01643192488262911
onlineshoppers,Administrative,189,27,335,2,1,1,-1,0.037037037037037035,0.037037037037037035,25.0,24.454545454545453,23,1768,0.013009049773755657
onlineshoppers,Administrative,190,28,328,3,1,1,-1,0.035714285714285705,0.03571428571428571,19.0,22.3,29,1690,0.017159763313609466
onlineshoppers,Administrative,191,28,331,3,1,1,-1,0.03571428571428571,0.03571428571428571,21.5,23.2,25,1736,0.014400921658986175
onlineshoppers,Administrative,192,26,307,3,1,2,-1,0.038461538461538464,0.03846153846153845,30.0,23.94736842105263,25,1680,0.01488095238095238
onlineshoppers,Administrative,193,28,325,3,1,1,-1,0.03571428571428571,0.035714285714285705,21.0,22.476190476190474,26,1716,0.015151515151515152
onlineshoppers,Administrative,194,26,288,3,1,1,-1,0.03846153846153845,0.03846153846153845,26.0,23.25,21,1582,0.01327433628318584
onlineshoppers,Administrative,195,26,328,3,1,2,-1,0.03846153846153846,0.038461538461538464,23.0,23.65,23,1724,0.01334106728538283
onlineshoppers,Administrative,196,27,328,3,1,2,-1,0.03703703703703703,0.037037037037037035,26.0,24.791666666666668,23,1812,0.012693156732891833
onlineshoppers,Administrative,197,27,306,3,1,1,-1,0.03703703703703703,0.037037037037037035,22.5,22.09090909090909,23,1608,0.014303482587064677
onlineshoppers,Administrative,198,26,279,3,1,2,-1,0.03846153846153847,0.03846153846153847,27.0,23.714285714285715,25,1610,0.015527950310559006
onlineshoppers,Administrative,199,27,273,3,1,1,-1,0.037037037037037035,0.037037037037037035,18.0,21.058823529411764,24,1574,0.015247776365946633
onlineshoppers,Administrative,200,28,318,3,1,1,-1,0.03571428571428571,0.03571428571428571,26.5,24.318181818181817,23,1618,0.014215080346106305
onlineshoppers,Administrative,201,26,317,3,1,1,-1,0.038461538461538464,0.03846153846153847,26.0,24.40909090909091,27,1642,0.016443361753958587
onlineshoppers,Administrative,202,27,304,3,1,1,-1,0.03703703703703704,0.03703703703703704,25.0,22.61904761904762,36,1588,0.022670025188916875
onlineshoppers,Administrative,203,26,322,2,1,1,-1,0.03846153846153847,0.03846153846153846,24.0,23.823529411764707,21,1634,0.012851897184822521
onlineshoppers,Administrative,204,28,320,3,1,2,-1,0.035714285714285705,0.03571428571428571,25.0,23.130434782608695,26,1680,0.015476190476190477
onlineshoppers,Administrative,205,27,318,2,1,1,-1,0.037037037037037035,0.03703703703703704,18.5,21.9,27,1564,0.017263427109974423
onlineshoppers,Administrative,206,28,332,3,1,1,-1,0.03571428571428571,0.03571428571428571,19.0,22.65,23,1744,0.013188073394495414
onlineshoppers,Administrative,207,26,295,3,1,1,-1,0.038461538461538464,0.038461538461538464,18.5,21.1,23,1650,0.013939393939393939
onlineshoppers,Administrative,208,28,325,3,1,1,-1,0.03571428571428571,0.03571428571428571,22.5,23.35,22,1674,0.013142174432497013
onlineshoppers,Administrative,209,27,284,3,1,1,-1,0.037037037037037035,0.03703703703703703,16.0,19.45,26,1686,0.01542111506524318
onlineshoppers,Administrative,210,26,294,3,1,1,-1,0.03846153846153846,0.038461538461538464,22.0,22.454545454545453,26,1618,0.016069221260815822
onlineshoppers,Administrative,211,28,334,3,1,1,-1,0.03571428571428571,0.03571428571428572,22.0,22.761904761904763,25,1702,0.014688601645123384
onlineshoppers,Administrative,212,26,300,3,1,2,-1,0.038461538461538464,0.03846153846153847,26.0,23.210526315789473,29,1788,0.01621923937360179
onlineshoppers,Administrative,213,26,320,2,1,1,-1,0.038461538461538464,0.038461538461538464,29.0,25.95,22,1728,0.01273148148148148
onlineshoppers,Administrative,214,27,320,3,1,2,-1,0.037037037037037035,0.037037037037037035,20.0,22.571428571428573,23,1740,0.013218390804597701
onlineshoppers,Administrative,215,27,313,3,1,1,-1,0.03703703703703704,0.037037037037037035,20.5,22.1,29,1900,0.015263157894736841
onlineshoppers,Administrative,216,26,301,2,1,1,-1,0.038461538461538464,0.038461538461538464,28.0,23.85,26,1660,0.01566265060240964
onlineshoppers,Administrative,217,27,297,3,1,1,-1,0.03703703703703704,0.037037037037037035,17.5,20.5,26,1512,0.017195767195767195
onlineshoppers,Administrative,218,26,316,3,1,1,-1,0.038461538461538464,0.038461538461538464,24.5,24.77777777777778,26,1730,0.015028901734104046
onlineshoppers,Administrative,219,28,304,3,1,1,-1,0.03571428571428571,0.03571428571428571,23.0,22.16,29,1618,0.01792336217552534
onlineshoppers,Administrative,220,27,330,3,1,1,-1,0.037037037037037035,0.037037037037037035,25.5,24.136363636363637,25,1746,0.0143184421534937
onlineshoppers,Administrative,221,25,312,3,1,1,-1,0.04,0.039999999999999994,28.0,25.41176470588235,22,1792,0.012276785714285714
onlineshoppers,Administrative,222,27,332,2,1,1,-1,0.03703703703703703,0.037037037037037035,26.5,26.40909090909091,26,1750,0.014857142857142857
onlineshoppers,Administrative,223,28,314,3,1,1,-1,0.03571428571428571,0.03571428571428571,29.0,25.095238095238095,26,1626,0.015990159901599015
onlineshoppers,Administrative,224,27,337,3,1,1,-1,0.03703703703703703,0.037037037037037035,24.0,22.61904761904762,29,1794,0.016164994425863992
onlineshoppers,Administrative,225,26,312,2,1,1,-1,0.03846153846153846,0.03846153846153846,21.5,23.045454545454547,28,1624,0.017241379310344827
onlineshoppers,Administrative,226,27,272,3,1,1,-1,0.037037037037037035,0.037037037037037035,16.5,20.136363636363637,21,1550,0.013548387096774193
onlineshoppers,Administrative,227,27,348,2,1,1,-1,0.03703703703703704,0.037037037037037035,20.0,24.217391304347824,28,1886,0.014846235418875928
onlineshoppers,Administrative,228,27,334,3,1,1,-1,0.03703703703703704,0.037037037037037035,25.0,23.428571428571427,28,1842,0.01520086862106406
onlineshoppers,Administrative,229,26,325,3,1,3,-1,0.038461538461538464,0.038461538461538464,26.5,25.15,25,1924,0.012993762993762994
onlineshoppers,Administrative,230,26,301,3,1,2,-1,0.038461538461538464,0.03846153846153845,25.5,23.25,24,1722,0.013937282229965157
onlineshoppers,Administrative,231,27,296,3,1,1,-1,0.03703703703703703,0.037037037037037035,24.0,21.789473684210527,23,1512,0.01521164021164021
onlineshoppers,Administrative,232,28,319,3,1,1,-1,0.03571428571428571,0.035714285714285705,25.0,23.52173913043478,27,1602,0.016853932584269662
onlineshoppers,Administrative,233,27,339,3,1,1,-1,0.037037037037037035,0.037037037037037035,25.5,24.363636363636363,24,1808,0.01327433628318584
onlineshoppers,Administrative,234,27,295,2,1,1,-1,0.037037037037037035,0.03703703703703703,22.5,23.318181818181817,24,1712,0.014018691588785047
onlineshoppers,Administrative,235,26,320,2,1,1,-1,0.038461538461538464,0.038461538461538464,25.0,24.142857142857142,28,1858,0.015069967707212056
onlineshoppers,Administrative,236,27,343,3,1,1,-1,0.03703703703703703,0.03703703703703704,23.5,22.11111111111111,28,2030,0.013793103448275862
onlineshoppers,Administrative,237,28,287,3,1,3,-1,0.03571428571428571,0.03571428571428571,22.0,20.708333333333332,24,1584,0.015151515151515152
onlineshoppers,Administrative,238,27,336,3,1,2,-1,0.03703703703703703,0.03703703703703704,20.0,22.72222222222222,28,1922,0.014568158168574402
onlineshoppers,Administrative,239,27,325,2,1,2,-1,0.03703703703703704,0.03703703703703703,24.0,23.666666666666668,27,1766,0.015288788221970554
onlineshoppers,Administrative,240,27,301,3,1,1,-1,0.037037037037037035,0.037037037037037035,21.0,21.8,24,1626,0.014760147601476014
onlineshoppers,Administrative,241,26,318,2,1,1,-1,0.038461538461538464,0.03846153846153846,29.0,28.529411764705884,23,1682,0.013674197384066587
onlineshoppers,Administrative,242,28,341,3,1,1,-1,0.03571428571428571,0.03571428571428571,22.5,23.8,25,1680,0.01488095238095238
onlineshoppers,Administrative,243,26,305,3,1,1,-1,0.038461538461538464,0.038461538461538464,17.0,20.9,26,1788,0.0145413870246085
onlineshoppers,Administrative,244,26,323,2,1,1,-1,0.03846153846153846,0.03846153846153847,19.0,22.5,27,1688,0.015995260663507108
onlineshoppers,Administrative,245,27,331,3,1,1,-1,0.03703703703703704,0.037037037037037035,21.5,23.05,23,1668,0.013788968824940047
onlineshoppers,Administrative,246,25,314,2,1,2,-1,0.04,0.04,23.0,23.470588235294116,30,1866,0.01607717041800643
onlineshoppers,Administrative,247,26,321,2,1,1,-1,0.03846153846153845,0.03846153846153847,25.0,24.318181818181817,30,1688,0.017772511848341232
onlineshoppers,Administrative,248,27,315,3,1,1,-1,0.037037037037037035,0.037037037037037035,21.0,22.47826086956522,22,1758,0.012514220705346985
onlineshoppers,Administrative,249,26,298,3,1,1,-1,0.038461538461538464,0.03846153846153846,22.5,21.88888888888889,26,1654,0.015719467956469165
onlineshoppers,Administrative,250,27,333,3,1,1,-1,0.03703703703703704,0.037037037037037035,24.0,25.0,31,1726,0.017960602549246814
onlineshoppers,Administrative,251,27,333,2,1,1,-1,0.037037037037037035,0.037037037037037035,22.5,24.6,23,1764,0.013038548752834467
onlineshoppers,Administrative,252,27,316,3,1,1,-1,0.03703703703703703,0.03703703703703703,22.0,22.666666666666668,23,1666,0.013805522208883553
onlineshoppers,Administrative,253,27,321,2,1,1,-1,0.03703703703703703,0.03703703703703703,20.5,23.1,25,1726,0.014484356894553883
onlineshoppers,Administrative,254,28,309,3,1,1,-1,0.03571428571428571,0.03571428571428571,25.5,23.35,29,1834,0.015812431842966195
onlineshoppers,Administrative,255,26,292,3,1,1,-1,0.038461538461538464,0.038461538461538464,21.0,21.88235294117647,28,1536,0.018229166666666668
onlineshoppers,Administrative,256,28,304,3,1,1,-1,0.035714285714285705,0.03571428571428571,23.5,21.1875,29,1604,0.01807980049875312
onlineshoppers,Administrative,257,27,320,3,1,2,-1,0.03703703703703704,0.037037037037037035,30.0,25.352941176470587,26,1640,0.015853658536585366
onlineshoppers,Administrative,258,26,317,3,1,1,-1,0.03846153846153847,0.038461538461538464,25.0,23.952380952380953,24,1682,0.014268727705112961
onlineshoppers,Administrative,259,26,319,2,1,1,-1,0.038461538461538464,0.038461538461538464,22.5,23.95,24,1720,0.013953488372093023
onlineshoppers,Administrative,260,26,327,2,1,1,-1,0.038461538461538464,0.038461538461538464,25.5,25.1,26,1750,0.014857142857142857
onlineshoppers,Administrative,261,28,337,3,1,2,-1,0.03571428571428571,0.03571428571428571,27.0,24.523809523809526,25,1674,0.014934289127837515
onlineshoppers,Administrative,262,27,324,3,1,1,-1,0.03703703703703704,0.03703703703703704,24.0,23.0,25,1834,0.013631406761177753
onlineshoppers,Administrative,263,27,337,3,1,2,-1,0.03703703703703703,0.03703703703703703,26.0,25.210526315789473,23,1746,0.013172966781214204
onlineshoppers,Administrative,264,28,337,3,1,2,-1,0.035714285714285705,0.03571428571428571,21.5,22.954545454545453,22,1800,0.012222222222222223
onlineshoppers,Administrative,265,27,304,3,1,2,-1,0.03703703703703703,0.037037037037037035,18.0,20.95,27,1764,0.015306122448979591
onlineshoppers,Administrative,266,27,303,3,1,1,-1,0.037037037037037035,0.03703703703703704,18.5,20.72222222222222,27,1552,0.017396907216494846
onlineshoppers,Administrative,267,27,320,3,1,1,-1,0.03703703703703704,0.037037037037037035,24.0,22.73913043478261,24,1686,0.014234875444839857
onlineshoppers,Administrative,268,26,322,2,1,1,-1,0.03846153846153847,0.038461538461538464,25.5,23.545454545454547,27,1622,0.016646115906288533
onlineshoppers,Administrative,269,27,295,3,1,1,-1,0.037037037037037035,0.03703703703703703,20.5,21.666666666666668,23,1570,0.01464968152866242
onlineshoppers,Administrative,270,27,271,3,1,2,-1,0.03703703703703704,0.037037037037037035,21.5,20.55,25,1634,0.015299877600979192
onlineshoppers,Administrative,271,28,341,3,1,1,-1,0.03571428571428571,0.03571428571428571,23.5,24.272727272727273,29,1702,0.017038777908343124
onlineshoppers,Administrative,272,28,346,3,1,1,-1,0.03571428571428571,0.03571428571428571,24.0,24.17391304347826,29,2026,0.014313919052319843
onlineshoppers,Administrative,273,27,307,3,1,2,-1,0.037037037037037035,0.037037037037037035,29.0,24.857142857142858,26,1588,0.0163727959697733
onlineshoppers,Administrative,274,28,325,3,1,1,-1,0.03571428571428571,0.035714285714285705,23.0,23.52173913043478,34,1610,0.02111801242236025
onlineshoppers,Administrative,275,28,346,3,1,1,-1,0.03571428571428573,0.03571428571428571,26.0,25.043478260869566,29,1636,0.017726161369193152
onlineshoppers,Administrative,276,27,338,3,1,1,-1,0.03703703703703704,0.037037037037037035,25.5,25.59090909090909,26,1722,0.015098722415795587
onlineshoppers,Administrative,277,27,344,2,1,1,-1,0.03703703703703704,0.037037037037037035,27.0,25.80952380952381,27,1826,0.014786418400876232
onlineshoppers,Administrative,278,26,305,2,1,1,-1,0.038461538461538464,0.03846153846153847,21.0,23.5,27,1766,0.015288788221970554
onlineshoppers,Administrative,279,26,304,2,1,1,-1,0.03846153846153846,0.038461538461538464,26.0,23.3,24,1666,0.014405762304921969
onlineshoppers,Administrative,280,26,295,2,1,1,-1,0.03846153846153847,0.038461538461538464,28.0,24.333333333333332,28,1528,0.01832460732984293
onlineshoppers,Administrative,281,27,331,3,1,1,-1,0.037037037037037035,0.03703703703703703,29.0,25.1,26,1654,0.015719467956469165
onlineshoppers,Administrative,282,25,307,2,1,1,-1,0.039999999999999994,0.04000000000000001,25.5,24.0,28,1542,0.018158236057068743
onlineshoppers,Administrative,283,26,313,2,1,1,-1,0.03846153846153847,0.038461538461538464,25.5,24.61111111111111,25,1736,0.014400921658986175
onlineshoppers,Administrative,284,25,306,2,1,1,-1,0.04,0.04,26.0,23.68421052631579,26,1584,0.016414141414141416
onlineshoppers,Administrative,285,27,327,3,1,2,-1,0.037037037037037035,0.037037037037037035,22.0,22.789473684210527,24,1644,0.014598540145985401
onlineshoppers,Administrative,286,27,346,3,1,2,-1,0.037037037037037035,0.037037037037037035,20.0,23.666666666666668,25,1854,0.01348435814455232
onlineshoppers,Administrative,287,27,317,2,1,1,-1,0.037037037037037035,0.037037037037037035,23.0,23.625,27,1758,0.015358361774744027
onlineshoppers,Administrative,288,27,311,2,1,1,-1,0.037037037037037035,0.037037037037037035,26.0,22.7,24,1862,0.01288936627282492
onlineshoppers,Administrative,289,27,318,3,1,1,-1,0.037037037037037035,0.037037037037037035,24.0,23.35,29,1658,0.017490952955367914
onlineshoppers,Administrative,290,26,342,2,1,1,-1,0.03846153846153846,0.038461538461538464,28.0,26.38095238095238,22,1898,0.011591148577449948
onlineshoppers,Administrative,291,27,294,3,1,1,-1,0.037037037037037035,0.03703703703703704,16.0,19.842105263157894,25,1540,0.016233766233766232
onlineshoppers,Administrative,292,27,310,3,1,1,-1,0.037037037037037035,0.03703703703703704,21.5,22.45,24,1602,0.0149812734082397
onlineshoppers,Administrative,293,26,327,2,1,1,-1,0.03846153846153846,0.03846153846153846,24.5,25.227272727272727,25,1632,0.015318627450980392
onlineshoppers,Administrative,294,27,329,2,1,1,-1,0.037037037037037035,0.037037037037037035,24.5,23.681818181818183,25,1646,0.015188335358444714
onlineshoppers,Administrative,295,27,338,3,1,1,-1,0.037037037037037035,0.03703703703703704,26.0,25.434782608695652,24,1770,0.013559322033898305
onlineshoppers,Administrative,296,26,325,2,1,1,-1,0.038461538461538464,0.038461538461538464,26.0,25.25,23,1698,0.013545347467608953
onlineshoppers,Administrative,297,27,304,3,1,1,-1,0.037037037037037035,0.037037037037037035,22.5,22.227272727272727,24,1684,0.014251781472684086
onlineshoppers,Administrative,298,27,336,3,1,1,-1,0.037037037037037035,0.037037037037037035,25.5,24.22222222222222,25,1660,0.015060240963855422
onlineshoppers,Administrative,299,27,279,3,1,1,-1,0.037037037037037035,0.03703703703703702,23.0,20.5625,26,1600,0.01625
onlineshoppers,Administrative_Duration,0,26,310,3,1,2,-1,0.038461538461538464,0.03846153846153847,19.0,22.19047619047619,28,1614,0.01734820322180917
onlineshoppers,Administrative_Duration,1,27,313,3,1,2,-1,0.037037037037037035,0.037037037037037035,26.5,23.772727272727273,25,1678,0.014898688915375448
onlineshoppers,Administrative_Duration,2,28,315,3,1,1,-1,0.03571428571428571,0.03571428571428572,21.0,21.1,28,1640,0.01707317073170732
onlineshoppers,Administrative_Duration,3,27,333,3,1,1,-1,0.037037037037037035,0.037037037037037035,23.5,23.75,28,1850,0.015135135135135135
onlineshoppers,Administrative_Duration,4,27,322,3,1,1,-1,0.03703703703703703,0.03703703703703704,22.0,22.714285714285715,27,1664,0.01622596153846154
onlineshoppers,Administrative_Duration,5,28,331,3,1,1,-1,0.03571428571428572,0.03571428571428571,22.0,22.263157894736842,29,1682,0.017241379310344827
onlineshoppers,Administrative_Duration,6,28,332,3,1,1,-1,0.03571428571428571,0.03571428571428571,23.0,23.666666666666668,27,1674,0.016129032258064516
onlineshoppers,Administrative_Duration,7,27,339,2,1,1,-1,0.037037037037037035,0.03703703703703704,23.5,24.40909090909091,28,1862,0.015037593984962405
onlineshoppers,Administrative_Duration,8,28,288,3,1,2,-1,0.03571428571428572,0.03571428571428571,17.0,20.17391304347826,30,1880,0.015957446808510637
onlineshoppers,Administrative_Duration,9,27,322,2,1,1,-1,0.03703703703703703,0.03703703703703703,24.5,23.9,24,1752,0.0136986301369863
onlineshoppers,Administrative_Duration,10,26,342,2,1,1,-1,0.038461538461538464,0.038461538461538464,31.5,28.333333333333332,27,1934,0.013960703205791106
onlineshoppers,Administrative_Duration,11,27,311,3,1,1,-1,0.037037037037037035,0.03703703703703704,23.5,22.9,23,1682,0.013674197384066587
onlineshoppers,Administrative_Duration,12,26,311,3,1,1,-1,0.03846153846153847,0.03846153846153847,20.5,23.2,25,1782,0.014029180695847363
onlineshoppers,Administrative_Duration,13,28,336,3,1,1,-1,0.035714285714285705,0.03571428571428572,27.0,25.470588235294116,29,1982,0.014631685166498487
onlineshoppers,Administrative_Duration,14,27,337,3,1,1,-1,0.037037037037037035,0.037037037037037035,25.0,25.166666666666668,26,1850,0.014054054054054054
onlineshoppers,Administrative_Duration,15,27,319,2,1,1,-1,0.037037037037037035,0.037037037037037035,28.0,25.428571428571427,26,1798,0.014460511679644048
onlineshoppers,Administrative_Duration,16,27,345,2,1,1,-1,0.037037037037037035,0.03703703703703704,25.0,25.476190476190474,28,1820,0.015384615384615385
onlineshoppers,Administrative_Duration,17,26,350,2,1,1,-1,0.038461538461538464,0.038461538461538464,24.5,26.125,25,1790,0.013966480446927373
onlineshoppers,Administrative_Duration,18,26,300,3,1,1,-1,0.038461538461538464,0.038461538461538464,23.5,22.727272727272727,27,1618,0.01668726823238566
onlineshoppers,Administrative_Duration,19,26,328,2,1,1,-1,0.03846153846153847,0.03846153846153846,24.0,24.61904761904762,30,1700,0.01764705882352941
onlineshoppers,Administrative_Duration,20,28,307,3,1,1,-1,0.03571428571428571,0.03571428571428572,24.5,23.363636363636363,25,1708,0.014637002341920375
onlineshoppers,Administrative_Duration,21,27,325,2,1,1,-1,0.03703703703703703,0.03703703703703704,19.0,22.4,29,1672,0.017344497607655503
onlineshoppers,Administrative_Duration,22,27,321,3,1,1,-1,0.037037037037037035,0.037037037037037035,23.0,24.0,26,1716,0.015151515151515152
onlineshoppers,Administrative_Duration,23,26,320,3,1,1,-1,0.03846153846153846,0.038461538461538464,23.0,24.0,27,1750,0.015428571428571429
onlineshoppers,Administrative_Duration,24,27,306,3,1,1,-1,0.03703703703703703,0.037037037037037035,24.0,23.391304347826086,27,1832,0.014737991266375546
onlineshoppers,Administrative_Duration,25,26,327,2,1,2,-1,0.03846153846153846,0.038461538461538464,22.0,24.894736842105264,26,1752,0.014840182648401826
onlineshoppers,Administrative_Duration,26,27,315,3,1,1,-1,0.037037037037037035,0.037037037037037035,22.0,23.19047619047619,27,1560,0.01730769230769231
onlineshoppers,Administrative_Duration,27,27,325,3,1,1,-1,0.03703703703703703,0.03703703703703704,22.0,23.0,31,1746,0.017754868270332187
onlineshoppers,Administrative_Duration,28,28,300,3,1,1,-1,0.03571428571428571,0.03571428571428571,27.5,23.3,25,1516,0.016490765171503958
onlineshoppers,Administrative_Duration,29,27,354,3,1,1,-1,0.037037037037037035,0.03703703703703704,26.5,25.75,23,1966,0.011698880976602238
onlineshoppers,Administrative_Duration,30,27,332,3,1,1,-1,0.037037037037037035,0.03703703703703703,23.5,24.583333333333332,27,1730,0.01560693641618497
onlineshoppers,Administrative_Duration,31,27,324,3,1,1,-1,0.037037037037037035,0.037037037037037035,24.0,23.75,25,1704,0.014671361502347418
onlineshoppers,Administrative_Duration,32,27,306,3,1,1,-1,0.037037037037037035,0.037037037037037035,23.5,22.541666666666668,26,1570,0.016560509554140127
onlineshoppers,Administrative_Duration,33,27,328,3,1,1,-1,0.037037037037037035,0.03703703703703703,22.5,24.05,26,1756,0.014806378132118452
onlineshoppers,Administrative_Duration,34,28,313,3,1,1,-1,0.03571428571428572,0.03571428571428571,19.5,21.2,27,1614,0.016728624535315983
onlineshoppers,Administrative_Duration,35,27,296,3,1,1,-1,0.03703703703703704,0.03703703703703704,24.0,22.761904761904763,23,1684,0.013657957244655582
onlineshoppers,Administrative_Duration,36,26,310,3,1,1,-1,0.038461538461538464,0.03846153846153847,28.0,23.94736842105263,27,1614,0.016728624535315983
onlineshoppers,Administrative_Duration,37,27,303,3,1,3,-1,0.037037037037037035,0.037037037037037035,22.5,21.85,30,1800,0.016666666666666666
onlineshoppers,Administrative_Duration,38,28,332,3,1,1,-1,0.03571428571428572,0.03571428571428571,29.5,24.772727272727273,25,1772,0.014108352144469526
onlineshoppers,Administrative_Duration,39,26,280,3,1,2,-1,0.03846153846153847,0.03846153846153847,21.5,22.11111111111111,28,1578,0.017743979721166033
onlineshoppers,Administrative_Duration,40,28,316,3,1,1,-1,0.03571428571428572,0.03571428571428571,20.0,22.75,30,1660,0.018072289156626505
onlineshoppers,Administrative_Duration,41,27,304,3,1,2,-1,0.037037037037037035,0.037037037037037035,23.0,23.35,30,1598,0.01877346683354193
onlineshoppers,Administrative_Duration,42,27,308,3,1,1,-1,0.037037037037037035,0.03703703703703704,19.0,21.45,28,1686,0.0166073546856465
onlineshoppers,Administrative_Duration,43,28,311,3,1,1,-1,0.03571428571428571,0.035714285714285705,18.0,22.666666666666668,23,1658,0.013872135102533172
onlineshoppers,Administrative_Duration,44,27,327,2,1,1,-1,0.03703703703703704,0.037037037037037035,21.5,23.95,27,1658,0.016284680337756333
onlineshoppers,Administrative_Duration,45,27,334,3,1,2,-1,0.037037037037037035,0.037037037037037035,21.5,24.15,25,1690,0.014792899408284023
onlineshoppers,Administrative_Duration,46,28,343,3,1,2,-1,0.03571428571428571,0.03571428571428571,26.0,26.176470588235293,25,1798,0.013904338153503892
onlineshoppers,Administrative_Duration,47,28,304,3,1,2,-1,0.03571428571428571,0.035714285714285705,20.5,21.9,25,1778,0.0140607424071991
onlineshoppers,Administrative_Duration,48,27,309,3,1,1,-1,0.037037037037037056,0.037037037037037035,25.5,23.444444444444443,29,1856,0.015625
onlineshoppers,Administrative_Duration,49,28,299,3,1,2,-1,0.03571428571428572,0.03571428571428572,19.0,21.45,26,1584,0.016414141414141416
onlineshoppers,Administrative_Duration,50,27,326,3,1,1,-1,0.03703703703703703,0.037037037037037035,20.0,23.0,25,1818,0.013751375137513752
onlineshoppers,Administrative_Duration,51,27,308,3,1,1,-1,0.037037037037037035,0.037037037037037035,20.5,22.2,24,1768,0.013574660633484163
onlineshoppers,Administrative_Duration,52,27,312,3,1,1,-1,0.037037037037037035,0.037037037037037035,24.0,21.80952380952381,26,1626,0.015990159901599015
onlineshoppers,Administrative_Duration,53,28,296,3,1,1,-1,0.03571428571428571,0.03571428571428572,22.5,20.954545454545453,25,1660,0.015060240963855422
onlineshoppers,Administrative_Duration,54,26,298,3,1,1,-1,0.03846153846153846,0.03846153846153846,24.0,21.94736842105263,25,1770,0.014124293785310734
onlineshoppers,Administrative_Duration,55,26,312,3,1,1,-1,0.038461538461538464,0.038461538461538464,26.0,23.5,23,1654,0.013905683192261185
onlineshoppers,Administrative_Duration,56,26,330,3,1,1,-1,0.03846153846153846,0.03846153846153846,24.5,23.65,28,1776,0.015765765765765764
onlineshoppers,Administrative_Duration,57,28,356,3,1,1,-1,0.03571428571428571,0.03571428571428571,22.0,22.8,25,1720,0.014534883720930232
onlineshoppers,Administrative_Duration,58,27,311,3,1,1,-1,0.037037037037037035,0.03703703703703704,28.0,25.0,24,1642,0.014616321559074299
onlineshoppers,Administrative_Duration,59,27,303,3,1,2,-1,0.037037037037037035,0.03703703703703704,20.0,21.75,30,1748,0.017162471395881007
onlineshoppers,Administrative_Duration,60,26,311,3,1,1,-1,0.038461538461538464,0.03846153846153845,25.0,23.63157894736842,25,1700,0.014705882352941176
onlineshoppers,Administrative_Duration,61,27,330,3,1,1,-1,0.037037037037037035,0.037037037037037035,19.0,23.105263157894736,27,1742,0.015499425947187142
onlineshoppers,Administrative_Duration,62,27,294,3,1,2,-1,0.037037037037037035,0.03703703703703704,23.5,22.6,23,1600,0.014375
onlineshoppers,Administrative_Duration,63,26,298,3,1,1,-1,0.03846153846153845,0.03846153846153847,25.0,22.647058823529413,26,1674,0.015531660692951015
onlineshoppers,Administrative_Duration,64,27,318,2,1,1,-1,0.037037037037037035,0.03703703703703704,23.0,22.8,27,1838,0.014689880304679
onlineshoppers,Administrative_Duration,65,28,320,3,1,1,-1,0.03571428571428571,0.035714285714285705,24.0,23.565217391304348,22,1808,0.012168141592920354
onlineshoppers,Administrative_Duration,66,27,327,3,1,2,-1,0.03703703703703704,0.03703703703703704,23.0,22.68421052631579,35,1652,0.0211864406779661
onlineshoppers,Administrative_Duration,67,25,296,3,1,2,-1,0.039999999999999994,0.039999999999999994,23.5,22.35,24,1696,0.014150943396226415
onlineshoppers,Administrative_Duration,68,26,333,2,1,1,-1,0.03846153846153845,0.038461538461538464,28.5,26.333333333333332,22,1738,0.012658227848101266
onlineshoppers,Administrative_Duration,69,28,322,3,1,1,-1,0.03571428571428572,0.03571428571428571,24.0,22.63157894736842,24,1662,0.01444043321299639
onlineshoppers,Administrative_Duration,70,28,335,3,1,1,-1,0.035714285714285705,0.03571428571428571,24.0,24.095238095238095,26,1990,0.01306532663316583
onlineshoppers,Administrative_Duration,71,26,323,2,1,1,-1,0.03846153846153846,0.038461538461538464,19.0,24.235294117647058,25,1758,0.01422070534698521
onlineshoppers,Administrative_Duration,72,27,328,3,1,1,-1,0.03703703703703704,0.03703703703703704,30.0,26.26086956521739,26,1712,0.015186915887850467
onlineshoppers,Administrative_Duration,73,26,317,2,1,1,-1,0.038461538461538464,0.038461538461538464,21.0,22.823529411764707,23,1688,0.013625592417061612
onlineshoppers,Administrative_Duration,74,27,347,3,1,1,-1,0.037037037037037035,0.037037037037037035,26.0,24.761904761904763,25,1748,0.014302059496567507
onlineshoppers,Administrative_Duration,75,26,317,2,1,2,-1,0.03846153846153846,0.038461538461538464,24.5,23.1875,29,1918,0.015119916579770595
onlineshoppers,Administrative_Duration,76,28,350,3,1,1,-1,0.035714285714285705,0.03571428571428572,22.0,24.24,29,1802,0.01609322974472808
onlineshoppers,Administrative_Duration,77,28,313,3,1,1,-1,0.03571428571428571,0.03571428571428571,27.0,23.842105263157894,21,1714,0.012252042007001166
onlineshoppers,Administrative_Duration,78,27,309,3,1,2,-1,0.037037037037037035,0.037037037037037035,25.0,22.823529411764707,27,1856,0.014547413793103448
onlineshoppers,Administrative_Duration,79,27,325,3,1,1,-1,0.03703703703703703,0.03703703703703703,22.0,24.19047619047619,22,1768,0.012443438914027148
onlineshoppers,Administrative_Duration,80,26,319,2,1,1,-1,0.03846153846153846,0.038461538461538464,28.0,25.0,23,1690,0.013609467455621301
onlineshoppers,Administrative_Duration,81,28,330,3,1,1,-1,0.03571428571428571,0.03571428571428572,28.0,25.714285714285715,25,1602,0.015605493133583021
onlineshoppers,Administrative_Duration,82,26,331,3,1,1,-1,0.03846153846153846,0.038461538461538464,24.0,24.8125,22,1752,0.012557077625570776
onlineshoppers,Administrative_Duration,83,26,339,2,1,1,-1,0.03846153846153845,0.03846153846153847,30.0,25.523809523809526,25,1876,0.013326226012793176
onlineshoppers,Administrative_Duration,84,26,325,2,1,1,-1,0.038461538461538464,0.03846153846153847,25.5,24.2,24,1808,0.01327433628318584
onlineshoppers,Administrative_Duration,85,26,340,3,1,1,-1,0.038461538461538464,0.038461538461538464,26.0,25.31578947368421,24,1730,0.013872832369942197
onlineshoppers,Administrative_Duration,86,25,290,3,1,2,-1,0.039999999999999994,0.039999999999999994,27.0,23.842105263157894,27,1610,0.016770186335403725
onlineshoppers,Administrative_Duration,87,27,339,3,1,1,-1,0.03703703703703704,0.037037037037037035,29.0,25.904761904761905,26,1882,0.01381509032943677
onlineshoppers,Administrative_Duration,88,27,320,3,1,2,-1,0.03703703703703703,0.03703703703703704,20.5,23.3125,26,1808,0.014380530973451327
onlineshoppers,Administrative_Duration,89,28,326,3,1,1,-1,0.03571428571428571,0.035714285714285705,17.0,21.2,23,1832,0.012554585152838428
onlineshoppers,Administrative_Duration,90,27,326,3,1,2,-1,0.037037037037037035,0.037037037037037035,23.5,23.227272727272727,22,1642,0.013398294762484775
onlineshoppers,Administrative_Duration,91,27,313,3,1,1,-1,0.03703703703703704,0.037037037037037035,21.5,21.5,26,1664,0.015625
onlineshoppers,Administrative_Duration,92,28,318,3,1,2,-1,0.035714285714285705,0.035714285714285705,18.0,21.59090909090909,25,1628,0.015356265356265357
onlineshoppers,Administrative_Duration,93,28,316,3,1,1,-1,0.03571428571428571,0.03571428571428571,20.5,22.136363636363637,28,1654,0.016928657799274487
onlineshoppers,Administrative_Duration,94,28,305,3,1,1,-1,0.035714285714285705,0.03571428571428572,15.0,19.761904761904763,37,1618,0.022867737948084055
onlineshoppers,Administrative_Duration,95,26,294,3,1,1,-1,0.038461538461538464,0.038461538461538464,25.0,23.157894736842106,25,1704,0.014671361502347418
onlineshoppers,Administrative_Duration,96,27,329,3,1,1,-1,0.03703703703703704,0.037037037037037035,21.0,23.666666666666668,28,1900,0.014736842105263158
onlineshoppers,Administrative_Duration,97,28,331,3,1,1,-1,0.03571428571428571,0.035714285714285705,21.0,22.863636363636363,28,1910,0.014659685863874346
onlineshoppers,Administrative_Duration,98,27,315,3,1,1,-1,0.03703703703703703,0.037037037037037056,25.5,24.166666666666668,32,1712,0.018691588785046728
onlineshoppers,Administrative_Duration,99,28,304,3,1,1,-1,0.03571428571428571,0.03571428571428573,21.0,22.26086956521739,28,1626,0.017220172201722016
onlineshoppers,Administrative_Duration,100,28,310,3,1,1,-1,0.03571428571428571,0.03571428571428571,23.5,22.5,29,1716,0.0168997668997669
onlineshoppers,Administrative_Duration,101,28,337,3,1,1,-1,0.035714285714285705,0.03571428571428571,28.0,26.952380952380953,28,1812,0.01545253863134658
onlineshoppers,Administrative_Duration,102,28,333,3,1,1,-1,0.03571428571428571,0.03571428571428571,23.0,23.82608695652174,24,1780,0.01348314606741573
onlineshoppers,Administrative_Duration,103,27,319,3,1,1,-1,0.037037037037037035,0.03703703703703703,23.0,23.0,24,1690,0.014201183431952662
onlineshoppers,Administrative_Duration,104,26,290,3,1,2,-1,0.038461538461538464,0.03846153846153846,23.5,21.125,23,1570,0.01464968152866242
onlineshoppers,Administrative_Duration,105,25,303,3,1,2,-1,0.04,0.04,25.5,23.0,24,1744,0.013761467889908258
onlineshoppers,Administrative_Duration,106,28,323,3,1,2,-1,0.035714285714285705,0.03571428571428573,20.0,21.695652173913043,26,1916,0.013569937369519834
onlineshoppers,Administrative_Duration,107,26,304,3,1,1,-1,0.03846153846153845,0.03846153846153846,28.5,25.1875,24,1648,0.014563106796116505
onlineshoppers,Administrative_Duration,108,28,321,3,1,2,-1,0.035714285714285705,0.03571428571428572,29.0,24.761904761904763,23,1812,0.012693156732891833
onlineshoppers,Administrative_Duration,109,27,329,2,1,1,-1,0.037037037037037035,0.037037037037037035,24.5,24.55,27,1676,0.016109785202863963
onlineshoppers,Administrative_Duration,110,26,304,3,1,2,-1,0.038461538461538464,0.038461538461538464,25.5,23.0,25,1576,0.015862944162436547
onlineshoppers,Administrative_Duration,111,26,332,2,1,1,-1,0.03846153846153846,0.038461538461538464,23.5,24.40909090909091,26,1598,0.016270337922403004
onlineshoppers,Administrative_Duration,112,27,312,2,1,1,-1,0.03703703703703703,0.037037037037037035,21.0,22.555555555555557,23,1632,0.014093137254901961
onlineshoppers,Administrative_Duration,113,27,330,3,1,1,-1,0.03703703703703704,0.037037037037037035,26.0,24.0,24,1674,0.014336917562724014
onlineshoppers,Administrative_Duration,114,27,311,3,1,2,-1,0.037037037037037035,0.03703703703703704,26.0,23.82608695652174,25,1634,0.015299877600979192
onlineshoppers,Administrative_Duration,115,26,324,2,1,1,-1,0.03846153846153846,0.038461538461538464,24.5,24.35,25,1614,0.015489467162329617
onlineshoppers,Administrative_Duration,116,25,297,3,1,2,-1,0.04000000000000001,0.04000000000000001,27.0,23.956521739130434,27,1690,0.015976331360946745
onlineshoppers,Administrative_Duration,117,28,323,3,1,1,-1,0.035714285714285705,0.03571428571428571,24.5,22.8125,24,1680,0.014285714285714285
onlineshoppers,Administrative_Duration,118,27,286,3,1,2,-1,0.03703703703703703,0.037037037037037035,26.0,22.695652173913043,24,1656,0.014492753623188406
onlineshoppers,Administrative_Duration,119,26,319,2,1,1,-1,0.038461538461538464,0.038461538461538464,19.5,23.357142857142858,27,1652,0.016343825665859565
onlineshoppers,Administrative_Duration,120,27,322,2,1,1,-1,0.037037037037037035,0.037037037037037035,25.0,23.956521739130434,27,1930,0.013989637305699482
onlineshoppers,Administrative_Duration,121,26,308,2,1,1,-1,0.03846153846153846,0.03846153846153847,21.0,22.714285714285715,21,1542,0.013618677042801557
onlineshoppers,Administrative_Duration,122,26,310,3,1,1,-1,0.038461538461538464,0.038461538461538464,28.5,24.555555555555557,28,1752,0.01598173515981735
onlineshoppers,Administrative_Duration,123,27,315,2,1,1,-1,0.037037037037037035,0.03703703703703704,21.0,23.5,27,1718,0.01571594877764843
onlineshoppers,Administrative_Duration,124,27,310,3,1,1,-1,0.037037037037037035,0.03703703703703703,22.5,23.045454545454547,29,1644,0.017639902676399026
onlineshoppers,Administrative_Duration,125,27,336,2,1,1,-1,0.037037037037037035,0.037037037037037035,25.0,26.142857142857142,24,1812,0.013245033112582781
onlineshoppers,Administrative_Duration,126,27,352,3,1,1,-1,0.03703703703703703,0.03703703703703703,27.0,26.4,24,1800,0.013333333333333334
onlineshoppers,Administrative_Duration,127,27,319,3,1,2,-1,0.037037037037037035,0.03703703703703704,22.0,23.25,23,1934,0.011892450879007239
onlineshoppers,Administrative_Duration,128,26,321,2,1,1,-1,0.03846153846153847,0.03846153846153846,26.5,25.166666666666668,24,1738,0.01380897583429229
onlineshoppers,Administrative_Duration,129,27,326,3,1,1,-1,0.037037037037037035,0.037037037037037035,29.0,25.764705882352942,29,1676,0.017303102625298328
onlineshoppers,Administrative_Duration,130,27,312,3,1,1,-1,0.03703703703703704,0.03703703703703704,17.0,21.2,25,1650,0.015151515151515152
onlineshoppers,Administrative_Duration,131,28,314,3,1,1,-1,0.03571428571428571,0.03571428571428571,19.5,22.7,25,1592,0.015703517587939697
onlineshoppers,Administrative_Duration,132,25,317,3,1,2,-1,0.039999999999999994,0.04000000000000001,25.0,24.0,24,1680,0.014285714285714285
onlineshoppers,Administrative_Duration,133,27,337,2,1,1,-1,0.037037037037037035,0.03703703703703704,25.5,26.272727272727273,25,1764,0.01417233560090703
onlineshoppers,Administrative_Duration,134,26,330,2,1,1,-1,0.03846153846153846,0.038461538461538464,27.5,25.38888888888889,27,1838,0.014689880304679
onlineshoppers,Administrative_Duration,135,28,296,3,1,3,-1,0.03571428571428572,0.035714285714285705,23.0,21.7,26,2134,0.01218369259606373
onlineshoppers,Administrative_Duration,136,26,317,3,1,1,-1,0.03846153846153847,0.038461538461538464,26.0,24.88888888888889,23,1754,0.013112884834663626
onlineshoppers,Administrative_Duration,137,27,309,3,1,1,-1,0.03703703703703703,0.037037037037037035,22.0,22.85,25,1766,0.014156285390713477
onlineshoppers,Administrative_Duration,138,28,310,3,1,1,-1,0.03571428571428571,0.03571428571428572,22.5,21.636363636363637,28,1622,0.01726263871763255
onlineshoppers,Administrative_Duration,139,27,291,3,1,2,-1,0.037037037037037035,0.037037037037037035,20.0,20.47826086956522,24,1684,0.014251781472684086
onlineshoppers,Administrative_Duration,140,27,298,2,1,1,-1,0.037037037037037035,0.03703703703703703,28.0,23.8,24,1620,0.014814814814814815
onlineshoppers,Administrative_Duration,141,26,319,2,1,1,-1,0.03846153846153845,0.03846153846153845,22.0,24.105263157894736,25,1858,0.013455328310010764
onlineshoppers,Administrative_Duration,142,27,315,3,1,1,-1,0.03703703703703704,0.037037037037037035,24.0,23.764705882352942,25,1746,0.0143184421534937
onlineshoppers,Administrative_Duration,143,26,338,2,1,1,-1,0.03846153846153846,0.038461538461538464,29.5,26.11111111111111,25,1730,0.014450867052023121
onlineshoppers,Administrative_Duration,144,27,302,3,1,1,-1,0.03703703703703704,0.037037037037037035,22.5,21.863636363636363,26,1724,0.015081206496519721
onlineshoppers,Administrative_Duration,145,27,311,3,1,1,-1,0.03703703703703703,0.037037037037037035,23.0,22.1875,25,1614,0.015489467162329617
onlineshoppers,Administrative_Duration,146,26,291,3,1,1,-1,0.038461538461538464,0.03846153846153847,22.0,23.181818181818183,22,1576,0.013959390862944163
onlineshoppers,Administrative_Duration,147,27,289,3,1,1,-1,0.037037037037037035,0.037037037037037035,21.0,21.952380952380953,25,1638,0.015262515262515262
onlineshoppers,Administrative_Duration,148,27,302,3,1,2,-1,0.03703703703703704,0.037037037037037035,30.0,25.157894736842106,30,1856,0.016163793103448277
onlineshoppers,Administrative_Duration,149,27,341,3,1,1,-1,0.03703703703703704,0.03703703703703703,21.0,23.36842105263158,26,1702,0.01527614571092832
onlineshoppers,Administrative_Duration,150,27,328,3,1,1,-1,0.03703703703703704,0.037037037037037035,24.0,23.90909090909091,24,1680,0.014285714285714285
onlineshoppers,Administrative_Duration,151,27,290,3,1,1,-1,0.037037037037037035,0.03703703703703704,20.0,21.0,25,1494,0.01673360107095047
onlineshoppers,Administrative_Duration,152,26,305,3,1,2,-1,0.038461538461538464,0.03846153846153846,28.5,24.3125,26,1646,0.015795868772782502
onlineshoppers,Administrative_Duration,153,28,317,3,1,2,-1,0.03571428571428572,0.03571428571428571,25.5,24.25,30,1716,0.017482517482517484
onlineshoppers,Administrative_Duration,154,27,306,3,1,4,-1,0.037037037037037035,0.03703703703703703,18.5,20.444444444444443,30,1960,0.015306122448979591
onlineshoppers,Administrative_Duration,155,27,322,2,1,2,-1,0.037037037037037035,0.037037037037037035,16.0,20.105263157894736,22,1894,0.011615628299894404
onlineshoppers,Administrative_Duration,156,27,325,2,1,1,-1,0.03703703703703704,0.03703703703703704,20.5,22.05,27,1744,0.01548165137614679
onlineshoppers,Administrative_Duration,157,26,312,3,1,1,-1,0.038461538461538464,0.038461538461538464,24.0,24.63157894736842,26,1862,0.013963480128893663
onlineshoppers,Administrative_Duration,158,27,297,3,1,1,-1,0.03703703703703704,0.037037037037037035,22.0,22.0625,24,1622,0.014796547472256474
onlineshoppers,Administrative_Duration,159,27,336,3,1,1,-1,0.037037037037037035,0.037037037037037035,27.0,25.0,25,1862,0.01342642320085929
onlineshoppers,Administrative_Duration,160,27,326,3,1,3,-1,0.037037037037037035,0.037037037037037035,24.0,23.238095238095237,28,1674,0.016726403823178016
onlineshoppers,Administrative_Duration,161,27,330,3,1,1,-1,0.037037037037037035,0.03703703703703703,23.0,23.157894736842106,24,1718,0.013969732246798603
onlineshoppers,Administrative_Duration,162,26,297,2,1,1,-1,0.03846153846153847,0.03846153846153846,25.0,22.05263157894737,30,1566,0.019157088122605363
onlineshoppers,Administrative_Duration,163,28,309,3,1,2,-1,0.03571428571428571,0.03571428571428572,15.0,20.05263157894737,28,1996,0.014028056112224449
onlineshoppers,Administrative_Duration,164,27,286,4,1,4,-1,0.037037037037037035,0.037037037037037035,20.0,21.476190476190474,23,1652,0.013922518159806295
onlineshoppers,Administrative_Duration,165,27,295,3,1,2,-1,0.03703703703703703,0.037037037037037035,25.5,21.8,26,1800,0.014444444444444444
onlineshoppers,Administrative_Duration,166,28,326,3,1,1,-1,0.03571428571428571,0.035714285714285705,21.5,22.227272727272727,26,1876,0.013859275053304905
onlineshoppers,Administrative_Duration,167,26,344,2,1,1,-1,0.038461538461538464,0.03846153846153846,24.0,25.0,31,1842,0.016829533116178068
onlineshoppers,Administrative_Duration,168,27,339,3,1,2,-1,0.037037037037037035,0.037037037037037035,23.0,24.571428571428573,31,1796,0.017260579064587972
onlineshoppers,Administrative_Duration,169,28,326,3,1,1,-1,0.03571428571428571,0.03571428571428572,17.5,20.77777777777778,25,1838,0.013601741022850925
onlineshoppers,Administrative_Duration,170,27,294,3,1,3,-1,0.037037037037037035,0.03703703703703703,23.0,23.42105263157895,25,1622,0.015413070283600493
onlineshoppers,Administrative_Duration,171,27,313,3,1,1,-1,0.037037037037037035,0.03703703703703703,20.5,22.5,27,1716,0.015734265734265736
onlineshoppers,Administrative_Duration,172,28,297,3,1,1,-1,0.035714285714285705,0.03571428571428571,26.0,23.4,26,1808,0.014380530973451327
onlineshoppers,Administrative_Duration,173,27,319,3,1,2,-1,0.037037037037037035,0.037037037037037035,25.0,23.61904761904762,29,1756,0.01651480637813212
onlineshoppers,Administrative_Duration,174,27,309,3,1,1,-1,0.03703703703703703,0.03703703703703704,19.0,21.38095238095238,23,1860,0.012365591397849462
onlineshoppers,Administrative_Duration,175,28,340,3,1,1,-1,0.03571428571428571,0.03571428571428572,20.5,22.818181818181817,26,1758,0.01478953356086462
onlineshoppers,Administrative_Duration,176,26,322,3,1,1,-1,0.03846153846153846,0.038461538461538464,29.5,25.9375,27,1596,0.016917293233082706
onlineshoppers,Administrative_Duration,177,27,317,3,1,1,-1,0.037037037037037035,0.03703703703703704,21.5,22.85,25,1730,0.014450867052023121
onlineshoppers,Administrative_Duration,178,27,315,3,1,2,-1,0.037037037037037035,0.037037037037037035,25.0,23.80952380952381,22,1766,0.01245753114382786
onlineshoppers,Administrative_Duration,179,28,339,3,1,2,-1,0.03571428571428572,0.03571428571428571,21.5,23.181818181818183,24,1918,0.01251303441084463
onlineshoppers,Administrative_Duration,180,27,297,3,1,2,-1,0.037037037037037035,0.037037037037037035,23.0,21.95,23,1634,0.014075887392900856
onlineshoppers,Administrative_Duration,181,28,320,3,1,2,-1,0.03571428571428572,0.035714285714285705,21.0,22.857142857142858,26,1726,0.015063731170336037
onlineshoppers,Administrative_Duration,182,26,326,2,1,1,-1,0.03846153846153845,0.03846153846153847,26.0,25.058823529411764,28,1710,0.016374269005847954
onlineshoppers,Administrative_Duration,183,26,309,2,1,1,-1,0.038461538461538464,0.038461538461538464,26.0,23.176470588235293,26,1720,0.015116279069767442
onlineshoppers,Administrative_Duration,184,26,294,3,1,1,-1,0.03846153846153847,0.038461538461538464,23.0,23.333333333333332,25,1610,0.015527950310559006
onlineshoppers,Administrative_Duration,185,26,322,2,1,1,-1,0.03846153846153847,0.03846153846153847,23.0,23.157894736842106,29,1912,0.015167364016736401
onlineshoppers,Administrative_Duration,186,27,331,3,1,1,-1,0.037037037037037035,0.03703703703703704,26.5,25.5,25,1860,0.013440860215053764
onlineshoppers,Administrative_Duration,187,28,296,3,1,1,-1,0.03571428571428572,0.03571428571428572,25.0,21.714285714285715,29,1680,0.017261904761904763
onlineshoppers,Administrative_Duration,188,27,325,2,1,1,-1,0.037037037037037035,0.037037037037037035,22.0,24.105263157894736,25,1720,0.014534883720930232
onlineshoppers,Administrative_Duration,189,26,328,3,1,1,-1,0.038461538461538464,0.03846153846153846,27.0,26.047619047619047,23,1640,0.01402439024390244
onlineshoppers,Administrative_Duration,190,27,299,3,1,2,-1,0.037037037037037035,0.037037037037037035,21.5,22.55,28,1900,0.014736842105263158
onlineshoppers,Administrative_Duration,191,27,322,2,1,1,-1,0.03703703703703704,0.037037037037037035,23.0,23.56,24,1674,0.014336917562724014
onlineshoppers,Administrative_Duration,192,26,310,3,1,1,-1,0.03846153846153847,0.03846153846153846,29.0,23.95,26,1778,0.014623172103487065
onlineshoppers,Administrative_Duration,193,27,292,3,1,1,-1,0.037037037037037035,0.03703703703703704,17.0,20.5,28,1774,0.015783540022547914
onlineshoppers,Administrative_Duration,194,26,342,2,1,1,-1,0.038461538461538464,0.038461538461538464,26.5,25.5,26,1934,0.01344364012409514
onlineshoppers,Administrative_Duration,195,27,296,3,1,1,-1,0.037037037037037035,0.03703703703703704,28.0,23.333333333333332,25,1584,0.015782828282828284
onlineshoppers,Administrative_Duration,196,27,324,2,1,1,-1,0.037037037037037035,0.037037037037037035,25.0,24.904761904761905,30,1670,0.017964071856287425
onlineshoppers,Administrative_Duration,197,27,313,3,1,1,-1,0.037037037037037035,0.037037037037037035,27.0,24.90909090909091,26,1742,0.014925373134328358
onlineshoppers,Administrative_Duration,198,27,322,3,1,1,-1,0.037037037037037035,0.037037037037037035,25.0,23.842105263157894,27,1798,0.015016685205784204
onlineshoppers,Administrative_Duration,199,27,320,3,1,1,-1,0.03703703703703703,0.037037037037037035,28.5,24.555555555555557,28,1696,0.01650943396226415
onlineshoppers,Administrative_Duration,200,26,324,2,1,1,-1,0.038461538461538464,0.038461538461538464,22.0,23.666666666666668,25,1788,0.013982102908277404
onlineshoppers,Administrative_Duration,201,27,317,3,1,2,-1,0.03703703703703703,0.037037037037037035,26.5,23.666666666666668,25,1782,0.014029180695847363
onlineshoppers,Administrative_Duration,202,27,313,3,1,2,-1,0.037037037037037035,0.03703703703703704,28.0,23.523809523809526,26,1782,0.014590347923681257
onlineshoppers,Administrative_Duration,203,28,342,3,1,1,-1,0.035714285714285705,0.035714285714285705,20.5,22.75,24,1810,0.013259668508287293
onlineshoppers,Administrative_Duration,204,27,315,3,1,1,-1,0.037037037037037035,0.03703703703703704,23.0,22.142857142857142,30,1662,0.018050541516245487
onlineshoppers,Administrative_Duration,205,27,301,3,1,1,-1,0.037037037037037035,0.03703703703703703,29.0,24.333333333333332,26,1640,0.015853658536585366
onlineshoppers,Administrative_Duration,206,27,301,3,1,2,-1,0.037037037037037035,0.037037037037037035,28.5,23.555555555555557,27,1524,0.017716535433070866
onlineshoppers,Administrative_Duration,207,28,306,3,1,2,-1,0.03571428571428571,0.03571428571428571,26.0,23.6,26,1718,0.015133876600698487
onlineshoppers,Administrative_Duration,208,27,319,3,1,2,-1,0.03703703703703703,0.03703703703703704,22.5,23.181818181818183,32,1816,0.01762114537444934
onlineshoppers,Administrative_Duration,209,27,317,3,1,1,-1,0.037037037037037035,0.037037037037037035,20.5,22.055555555555557,23,1654,0.013905683192261185
onlineshoppers,Administrative_Duration,210,26,313,2,1,1,-1,0.038461538461538464,0.03846153846153845,24.0,22.6,30,1828,0.016411378555798686
onlineshoppers,Administrative_Duration,211,27,327,3,1,1,-1,0.03703703703703704,0.03703703703703703,26.0,24.869565217391305,22,1712,0.012850467289719626
onlineshoppers,Administrative_Duration,212,26,306,2,1,1,-1,0.038461538461538464,0.038461538461538464,26.0,24.857142857142858,34,1846,0.018418201516793065
onlineshoppers,Administrative_Duration,213,28,346,3,1,1,-1,0.03571428571428571,0.03571428571428571,28.0,24.842105263157894,25,1796,0.013919821826280624
onlineshoppers,Administrative_Duration,214,28,326,3,1,1,-1,0.035714285714285705,0.03571428571428572,18.0,21.238095238095237,26,1774,0.014656144306651634
onlineshoppers,Administrative_Duration,215,28,334,3,1,1,-1,0.03571428571428571,0.035714285714285705,27.0,25.26086956521739,25,1970,0.012690355329949238
onlineshoppers,Administrative_Duration,216,28,329,3,1,1,-1,0.035714285714285705,0.03571428571428571,20.0,23.105263157894736,28,1762,0.015891032917139614
onlineshoppers,Administrative_Duration,217,27,299,2,1,2,-1,0.03703703703703703,0.037037037037037035,22.5,23.6875,23,1710,0.013450292397660818
onlineshoppers,Administrative_Duration,218,25,320,3,1,2,-1,0.04,0.04000000000000001,28.0,25.5,25,1774,0.014092446448703494
onlineshoppers,Administrative_Duration,219,28,355,3,1,1,-1,0.03571428571428571,0.035714285714285705,28.5,26.681818181818183,29,2232,0.012992831541218637
onlineshoppers,Administrative_Duration,220,28,324,3,1,1,-1,0.03571428571428571,0.03571428571428571,21.0,22.238095238095237,24,1708,0.01405152224824356
onlineshoppers,Administrative_Duration,221,26,336,2,1,1,-1,0.038461538461538464,0.03846153846153845,30.0,27.142857142857142,28,1776,0.015765765765765764
onlineshoppers,Administrative_Duration,222,28,290,3,1,5,-1,0.03571428571428572,0.03571428571428571,22.0,21.083333333333332,27,1712,0.015771028037383176
onlineshoppers,Administrative_Duration,223,27,289,3,1,3,-1,0.03703703703703703,0.037037037037037035,21.0,21.095238095238095,24,1598,0.015018773466833541
onlineshoppers,Administrative_Duration,224,26,308,3,1,1,-1,0.038461538461538464,0.03846153846153846,24.0,22.5,25,1684,0.014845605700712588
onlineshoppers,Administrative_Duration,225,28,297,3,1,2,-1,0.03571428571428572,0.03571428571428571,20.5,21.95,28,1740,0.016091954022988506
onlineshoppers,Administrative_Duration,226,26,333,2,1,1,-1,0.038461538461538464,0.03846153846153845,26.5,25.1,26,1976,0.013157894736842105
onlineshoppers,Administrative_Duration,227,28,315,3,1,2,-1,0.03571428571428571,0.03571428571428571,29.0,26.35,25,1668,0.01498800959232614
onlineshoppers,Administrative_Duration,228,26,355,2,1,1,-1,0.038461538461538464,0.038461538461538464,32.0,29.142857142857142,28,1906,0.014690451206715634
onlineshoppers,Administrative_Duration,229,28,330,3,1,1,-1,0.03571428571428571,0.03571428571428572,18.5,22.1,28,1752,0.01598173515981735
onlineshoppers,Administrative_Duration,230,28,323,3,1,1,-1,0.03571428571428571,0.03571428571428573,25.0,23.789473684210527,30,1804,0.01662971175166297
onlineshoppers,Administrative_Duration,231,27,326,2,1,1,-1,0.03703703703703704,0.03703703703703704,23.0,24.142857142857142,24,1708,0.01405152224824356
onlineshoppers,Administrative_Duration,232,26,328,2,1,1,-1,0.038461538461538464,0.03846153846153846,26.5,25.666666666666668,25,1778,0.0140607424071991
onlineshoppers,Administrative_Duration,233,26,316,3,1,1,-1,0.03846153846153847,0.03846153846153848,27.0,24.894736842105264,24,1726,0.013904982618771726
onlineshoppers,Administrative_Duration,234,26,337,2,1,1,-1,0.03846153846153845,0.03846153846153845,24.0,25.05263157894737,24,1840,0.013043478260869565
onlineshoppers,Administrative_Duration,235,28,316,3,1,2,-1,0.03571428571428571,0.035714285714285705,26.0,23.043478260869566,31,1574,0.019695044472681066
onlineshoppers,Administrative_Duration,236,28,323,3,1,2,-1,0.035714285714285705,0.03571428571428571,27.0,24.94736842105263,23,1792,0.012834821428571428
onlineshoppers,Administrative_Duration,237,27,311,3,1,2,-1,0.037037037037037035,0.037037037037037035,25.0,23.476190476190474,24,1852,0.012958963282937365
onlineshoppers,Administrative_Duration,238,26,342,2,1,1,-1,0.03846153846153846,0.03846153846153846,28.0,26.952380952380953,25,1778,0.0140607424071991
onlineshoppers,Administrative_Duration,239,26,323,2,1,1,-1,0.03846153846153846,0.03846153846153847,22.0,24.142857142857142,25,1692,0.014775413711583925
onlineshoppers,Administrative_Duration,240,26,339,2,1,1,-1,0.038461538461538464,0.038461538461538464,31.5,27.944444444444443,25,1638,0.015262515262515262
onlineshoppers,Administrative_Duration,241,26,291,3,1,2,-1,0.03846153846153846,0.038461538461538464,22.0,21.94736842105263,25,1858,0.013455328310010764
onlineshoppers,Administrative_Duration,242,28,324,3,1,1,-1,0.03571428571428572,0.03571428571428571,23.0,24.045454545454547,23,1856,0.012392241379310345
onlineshoppers,Administrative_Duration,243,26,304,2,1,1,-1,0.038461538461538464,0.038461538461538464,23.0,24.0,23,1506,0.015272244355909695
onlineshoppers,Administrative_Duration,244,28,351,3,1,1,-1,0.035714285714285705,0.03571428571428571,22.0,23.526315789473685,27,1804,0.014966740576496674
onlineshoppers,Administrative_Duration,245,26,329,2,1,1,-1,0.03846153846153846,0.03846153846153847,27.5,25.38888888888889,29,1646,0.01761846901579587
onlineshoppers,Administrative_Duration,246,27,333,3,1,1,-1,0.037037037037037035,0.03703703703703703,24.0,24.727272727272727,22,1772,0.012415349887133182
onlineshoppers,Administrative_Duration,247,28,311,3,1,1,-1,0.035714285714285705,0.03571428571428571,23.0,23.38095238095238,24,1788,0.013422818791946308
onlineshoppers,Administrative_Duration,248,26,339,2,1,1,-1,0.03846153846153847,0.038461538461538464,26.5,25.8,26,1692,0.015366430260047281
onlineshoppers,Administrative_Duration,249,27,315,3,1,1,-1,0.03703703703703703,0.037037037037037035,23.5,23.22222222222222,25,1706,0.014654161781946073
onlineshoppers,Administrative_Duration,250,27,323,3,1,1,-1,0.037037037037037035,0.03703703703703703,19.0,21.9,24,1956,0.012269938650306749
onlineshoppers,Administrative_Duration,251,27,321,3,1,1,-1,0.037037037037037035,0.03703703703703704,26.0,24.142857142857142,27,1560,0.01730769230769231
onlineshoppers,Administrative_Duration,252,27,335,3,1,1,-1,0.037037037037037035,0.037037037037037035,25.0,24.428571428571427,23,1746,0.013172966781214204
onlineshoppers,Administrative_Duration,253,27,324,2,1,1,-1,0.037037037037037035,0.037037037037037035,21.5,22.227272727272727,23,1648,0.013956310679611651
onlineshoppers,Administrative_Duration,254,27,312,3,1,1,-1,0.03703703703703703,0.037037037037037035,24.5,22.636363636363637,25,1666,0.015006002400960384
onlineshoppers,Administrative_Duration,255,28,311,3,1,1,-1,0.03571428571428571,0.03571428571428571,22.0,22.65,27,1676,0.016109785202863963
onlineshoppers,Administrative_Duration,256,26,309,2,1,1,-1,0.03846153846153845,0.03846153846153846,26.0,24.526315789473685,31,1562,0.019846350832266324
onlineshoppers,Administrative_Duration,257,27,320,3,1,1,-1,0.037037037037037035,0.037037037037037035,22.0,22.318181818181817,24,1690,0.014201183431952662
onlineshoppers,Administrative_Duration,258,26,317,2,1,1,-1,0.038461538461538464,0.038461538461538464,28.0,27.235294117647058,27,1838,0.014689880304679
onlineshoppers,Administrative_Duration,259,28,336,3,1,1,-1,0.03571428571428572,0.03571428571428571,24.0,23.476190476190474,26,1874,0.013874066168623266
onlineshoppers,Administrative_Duration,260,27,323,3,1,3,-1,0.037037037037037035,0.037037037037037035,23.5,23.454545454545453,25,1836,0.013616557734204794
onlineshoppers,Administrative_Duration,261,27,286,3,1,2,-1,0.037037037037037035,0.037037037037037035,20.0,19.952380952380953,27,1666,0.016206482593037214
onlineshoppers,Administrative_Duration,262,28,325,3,1,1,-1,0.03571428571428572,0.03571428571428572,20.0,21.68421052631579,23,1854,0.012405609492988134
onlineshoppers,Administrative_Duration,263,27,333,3,1,1,-1,0.03703703703703703,0.037037037037037035,20.5,23.181818181818183,27,1686,0.01601423487544484
onlineshoppers,Administrative_Duration,264,28,342,2,1,1,-1,0.03571428571428571,0.035714285714285705,19.5,23.65,25,1778,0.0140607424071991
onlineshoppers,Administrative_Duration,265,26,301,3,1,2,-1,0.03846153846153847,0.038461538461538464,25.0,23.045454545454547,25,1698,0.014723203769140165
onlineshoppers,Administrative_Duration,266,28,304,3,1,1,-1,0.03571428571428571,0.03571428571428571,19.5,20.9,28,1584,0.017676767676767676
onlineshoppers,Administrative_Duration,267,26,308,3,1,1,-1,0.038461538461538464,0.03846153846153846,29.0,23.31578947368421,24,1858,0.012917115177610334
onlineshoppers,Administrative_Duration,268,26,299,3,1,2,-1,0.03846153846153847,0.038461538461538464,26.0,24.15,25,1640,0.01524390243902439
onlineshoppers,Administrative_Duration,269,27,281,3,1,1,-1,0.037037037037037056,0.037037037037037035,21.5,21.0,23,1698,0.013545347467608953
onlineshoppers,Administrative_Duration,270,28,295,3,1,2,-1,0.03571428571428571,0.03571428571428572,19.5,20.9,27,1578,0.017110266159695818
onlineshoppers,Administrative_Duration,271,27,326,3,1,2,-1,0.03703703703703704,0.03703703703703704,20.0,23.19047619047619,24,1740,0.013793103448275862
onlineshoppers,Administrative_Duration,272,27,309,3,1,1,-1,0.037037037037037035,0.03703703703703704,22.0,22.894736842105264,27,1720,0.015697674418604653
onlineshoppers,Administrative_Duration,273,28,341,3,1,1,-1,0.03571428571428572,0.03571428571428572,24.0,23.0,31,1910,0.016230366492146597
onlineshoppers,Administrative_Duration,274,26,347,2,1,1,-1,0.038461538461538464,0.03846153846153846,27.0,26.318181818181817,24,1894,0.012671594508975714
onlineshoppers,Administrative_Duration,275,27,311,3,1,2,-1,0.037037037037037035,0.037037037037037035,20.5,22.15,22,1598,0.01376720901126408
onlineshoppers,Administrative_Duration,276,28,333,3,1,1,-1,0.03571428571428571,0.03571428571428571,24.0,23.047619047619047,24,1618,0.014833127317676144
onlineshoppers,Administrative_Duration,277,28,289,3,1,1,-1,0.03571428571428571,0.03571428571428571,20.0,20.0,26,1604,0.016209476309226933
onlineshoppers,Administrative_Duration,278,26,295,3,1,1,-1,0.038461538461538464,0.03846153846153845,21.0,21.22222222222222,26,1750,0.014857142857142857
onlineshoppers,Administrative_Duration,279,25,292,3,1,2,-1,0.04,0.039999999999999994,25.0,24.526315789473685,24,1718,0.013969732246798603
onlineshoppers,Administrative_Duration,280,27,292,3,1,1,-1,0.037037037037037035,0.03703703703703704,17.0,20.714285714285715,26,1704,0.015258215962441314
onlineshoppers,Administrative_Duration,281,25,292,3,1,1,-1,0.04,0.039999999999999994,28.0,24.63157894736842,24,1538,0.015604681404421327
onlineshoppers,Administrative_Duration,282,27,333,3,1,1,-1,0.03703703703703703,0.037037037037037035,21.0,23.80952380952381,25,1686,0.01482799525504152
onlineshoppers,Administrative_Duration,283,27,317,3,1,1,-1,0.037037037037037035,0.03703703703703704,25.5,23.7,24,1842,0.013029315960912053
onlineshoppers,Administrative_Duration,284,26,309,2,1,1,-1,0.038461538461538464,0.03846153846153845,25.5,24.055555555555557,23,1780,0.012921348314606741
onlineshoppers,Administrative_Duration,285,27,312,3,1,1,-1,0.03703703703703704,0.03703703703703703,22.0,22.666666666666668,23,1580,0.014556962025316455
onlineshoppers,Administrative_Duration,286,28,358,3,1,1,-1,0.03571428571428571,0.03571428571428571,25.5,25.59090909090909,25,1866,0.01339764201500536
onlineshoppers,Administrative_Duration,287,27,302,3,1,1,-1,0.03703703703703703,0.037037037037037035,25.0,22.681818181818183,24,1670,0.01437125748502994
onlineshoppers,Administrative_Duration,288,26,343,2,1,1,-1,0.03846153846153846,0.03846153846153846,26.5,26.444444444444443,24,1680,0.014285714285714285
onlineshoppers,Administrative_Duration,289,26,299,2,1,2,-1,0.038461538461538464,0.03846153846153846,21.5,22.09090909090909,24,1716,0.013986013986013986
onlineshoppers,Administrative_Duration,290,28,331,3,1,2,-1,0.03571428571428571,0.035714285714285705,26.0,24.043478260869566,25,1888,0.013241525423728813
onlineshoppers,Administrative_Duration,291,26,335,2,1,1,-1,0.038461538461538464,0.038461538461538464,26.0,24.782608695652176,26,1748,0.014874141876430207
onlineshoppers,Administrative_Duration,292,27,330,3,1,1,-1,0.037037037037037035,0.037037037037037035,27.0,25.227272727272727,26,1662,0.015643802647412757
onlineshoppers,Administrative_Duration,293,26,282,3,1,3,-1,0.03846153846153847,0.038461538461538464,19.0,18.894736842105264,25,1740,0.014367816091954023
onlineshoppers,Administrative_Duration,294,27,335,2,1,1,-1,0.037037037037037035,0.03703703703703703,27.0,25.285714285714285,23,1702,0.013513513513513514
onlineshoppers,Administrative_Duration,295,25,301,3,1,2,-1,0.04000000000000001,0.04,22.0,22.571428571428573,25,1700,0.014705882352941176
onlineshoppers,Administrative_Duration,296,26,279,3,1,2,-1,0.03846153846153847,0.038461538461538464,27.0,22.65,26,1762,0.014755959137343927
onlineshoppers,Administrative_Duration,297,27,355,3,1,1,-1,0.03703703703703704,0.037037037037037035,26.0,25.45,26,1718,0.015133876600698487
onlineshoppers,Administrative_Duration,298,27,352,3,1,1,-1,0.037037037037037035,0.03703703703703703,28.5,26.35,25,1860,0.013440860215053764
onlineshoppers,Administrative_Duration,299,27,330,3,1,1,-1,0.037037037037037035,0.03703703703703703,26.5,25.272727272727273,25,1712,0.014602803738317757
onlineshoppers,Informational,0,27,359,3,1,1,-1,0.03703703703703703,0.037037037037037035,29.0,27.142857142857142,24,1794,0.013377926421404682
onlineshoppers,Informational,1,27,323,3,1,1,-1,0.03703703703703704,0.037037037037037035,18.0,21.904761904761905,27,1676,0.016109785202863963
onlineshoppers,Informational,2,27,318,3,1,2,-1,0.03703703703703704,0.037037037037037035,21.5,22.2,23,1806,0.01273532668881506
onlineshoppers,Informational,3,28,326,3,1,1,-1,0.035714285714285705,0.03571428571428571,21.0,21.652173913043477,25,1788,0.013982102908277404
onlineshoppers,Informational,4,28,332,3,1,2,-1,0.03571428571428571,0.03571428571428571,21.0,22.318181818181817,26,1710,0.0152046783625731
onlineshoppers,Informational,5,27,307,3,1,1,-1,0.037037037037037035,0.037037037037037035,20.0,23.047619047619047,34,1656,0.020531400966183576
onlineshoppers,Informational,6,28,314,3,1,1,-1,0.03571428571428572,0.03571428571428572,25.0,23.57894736842105,32,1626,0.01968019680196802
onlineshoppers,Informational,7,27,340,2,1,1,-1,0.037037037037037035,0.037037037037037035,25.0,24.5,24,1864,0.012875536480686695
onlineshoppers,Informational,8,26,329,2,1,1,-1,0.03846153846153846,0.038461538461538464,21.0,25.142857142857142,26,1754,0.014823261117445839
onlineshoppers,Informational,9,26,289,3,1,2,-1,0.03846153846153845,0.038461538461538464,17.0,20.142857142857142,26,1670,0.015568862275449102
onlineshoppers,Informational,10,27,318,2,1,1,-1,0.03703703703703704,0.037037037037037035,26.5,25.72222222222222,26,1834,0.014176663031624863
onlineshoppers,Informational,11,27,331,3,1,1,-1,0.037037037037037035,0.037037037037037035,29.5,25.272727272727273,29,1748,0.016590389016018305
onlineshoppers,Informational,12,28,340,3,1,1,-1,0.03571428571428571,0.03571428571428571,30.0,25.705882352941178,27,1864,0.014484978540772532
onlineshoppers,Informational,13,27,330,3,1,1,-1,0.037037037037037035,0.03703703703703703,28.0,23.80952380952381,28,1800,0.015555555555555555
onlineshoppers,Informational,14,27,327,3,1,1,-1,0.037037037037037035,0.03703703703703704,26.0,23.47826086956522,25,1954,0.0127942681678608
onlineshoppers,Informational,15,27,322,3,1,2,-1,0.037037037037037035,0.037037037037037035,24.0,23.727272727272727,25,1654,0.015114873035066506
onlineshoppers,Informational,16,26,321,2,1,1,-1,0.03846153846153847,0.038461538461538464,23.5,24.72222222222222,26,1642,0.015834348355663823
onlineshoppers,Informational,17,27,309,3,1,1,-1,0.037037037037037035,0.03703703703703704,25.5,23.818181818181817,24,1778,0.013498312710911136
onlineshoppers,Informational,18,25,320,3,1,2,-1,0.04000000000000001,0.039999999999999994,26.0,23.0,29,1792,0.016183035714285716
onlineshoppers,Informational,19,28,292,3,1,1,-1,0.03571428571428571,0.03571428571428571,26.0,21.8,25,1634,0.015299877600979192
onlineshoppers,Informational,20,27,324,3,1,1,-1,0.037037037037037035,0.037037037037037035,22.0,22.61904761904762,27,1838,0.014689880304679
onlineshoppers,Informational,21,26,302,2,1,1,-1,0.038461538461538464,0.03846153846153847,24.5,23.272727272727273,31,1612,0.019230769230769232
onlineshoppers,Informational,22,28,330,3,1,2,-1,0.03571428571428571,0.035714285714285705,24.5,24.954545454545453,26,1910,0.013612565445026177
onlineshoppers,Informational,23,27,312,3,1,2,-1,0.03703703703703704,0.03703703703703704,20.0,21.157894736842106,26,1658,0.015681544028950542
onlineshoppers,Informational,24,28,336,2,1,1,-1,0.03571428571428571,0.03571428571428572,28.0,25.842105263157894,28,1724,0.016241299303944315
onlineshoppers,Informational,25,27,321,3,1,2,-1,0.037037037037037035,0.037037037037037035,30.0,25.823529411764707,33,1810,0.018232044198895028
onlineshoppers,Informational,26,26,319,3,1,2,-1,0.03846153846153846,0.038461538461538464,26.5,25.1,23,1706,0.013481828839390387
onlineshoppers,Informational,27,26,283,3,1,2,-1,0.03846153846153845,0.03846153846153847,23.0,21.666666666666668,29,1628,0.017813267813267815
onlineshoppers,Informational,28,27,316,3,1,1,-1,0.037037037037037035,0.037037037037037035,21.0,23.52173913043478,30,1674,0.017921146953405017
onlineshoppers,Informational,29,27,285,3,1,2,-1,0.037037037037037035,0.03703703703703704,26.5,22.61111111111111,29,1728,0.01678240740740741
onlineshoppers,Informational,30,27,316,3,1,1,-1,0.03703703703703704,0.037037037037037035,25.0,23.157894736842106,26,1690,0.015384615384615385
onlineshoppers,Informational,31,26,338,2,1,1,-1,0.03846153846153846,0.03846153846153846,26.5,26.055555555555557,23,1780,0.012921348314606741
onlineshoppers,Informational,32,28,303,3,1,1,-1,0.03571428571428571,0.03571428571428572,17.0,20.789473684210527,27,1668,0.01618705035971223
onlineshoppers,Informational,33,27,352,3,1,1,-1,0.037037037037037035,0.03703703703703704,23.0,25.476190476190474,28,1832,0.015283842794759825
onlineshoppers,Informational,34,28,323,3,1,2,-1,0.03571428571428572,0.03571428571428571,28.0,23.789473684210527,23,1736,0.013248847926267281
onlineshoppers,Informational,35,27,307,3,1,1,-1,0.03703703703703704,0.037037037037037035,19.5,20.7,25,1704,0.014671361502347418
onlineshoppers,Informational,36,27,288,3,1,2,-1,0.037037037037037035,0.037037037037037035,23.0,21.833333333333332,26,1694,0.015348288075560802
onlineshoppers,Informational,37,27,336,3,1,1,-1,0.03703703703703704,0.037037037037037035,23.0,24.0,25,1900,0.013157894736842105
onlineshoppers,Informational,38,27,325,3,1,1,-1,0.037037037037037035,0.03703703703703704,25.0,23.68421052631579,28,1756,0.015945330296127564
onlineshoppers,Informational,39,27,302,3,1,1,-1,0.037037037037037035,0.037037037037037035,23.5,22.727272727272727,22,1550,0.014193548387096775
onlineshoppers,Informational,40,27,321,3,1,1,-1,0.037037037037037035,0.03703703703703703,21.0,23.333333333333332,29,1698,0.01707891637220259
onlineshoppers,Informational,41,26,327,2,1,1,-1,0.03846153846153846,0.03846153846153845,26.5,24.40909090909091,28,1794,0.01560758082497213
onlineshoppers,Informational,42,26,312,3,1,2,-1,0.03846153846153847,0.038461538461538464,24.0,22.61904761904762,24,1850,0.012972972972972972
onlineshoppers,Informational,43,27,296,3,1,1,-1,0.037037037037037056,0.037037037037037035,26.0,23.666666666666668,27,1672,0.016148325358851676
onlineshoppers,Informational,44,27,324,3,1,1,-1,0.037037037037037035,0.037037037037037035,23.5,21.555555555555557,24,1776,0.013513513513513514
onlineshoppers,Informational,45,27,339,3,1,1,-1,0.037037037037037035,0.037037037037037035,21.5,23.15,25,1868,0.013383297644539615
onlineshoppers,Informational,46,25,303,3,1,3,-1,0.04,0.039999999999999994,28.0,25.77777777777778,28,1830,0.015300546448087432
onlineshoppers,Informational,47,27,346,3,1,1,-1,0.037037037037037035,0.03703703703703704,24.0,24.333333333333332,25,1710,0.014619883040935672
onlineshoppers,Informational,48,26,327,3,1,1,-1,0.038461538461538464,0.038461538461538464,27.0,24.136363636363637,25,1710,0.014619883040935672
onlineshoppers,Informational,49,27,335,2,1,1,-1,0.03703703703703704,0.037037037037037035,27.0,24.545454545454547,26,1664,0.015625
onlineshoppers,Informational,50,26,314,3,1,1,-1,0.03846153846153846,0.038461538461538464,22.0,22.42105263157895,26,1560,0.016666666666666666
onlineshoppers,Informational,51,27,300,3,1,1,-1,0.03703703703703704,0.037037037037037035,19.0,21.526315789473685,24,1668,0.014388489208633094
onlineshoppers,Informational,52,27,316,3,1,1,-1,0.037037037037037035,0.03703703703703703,25.0,23.470588235294116,25,1662,0.015042117930204572
onlineshoppers,Informational,53,28,319,3,1,1,-1,0.03571428571428571,0.03571428571428571,25.0,23.894736842105264,29,1768,0.016402714932126698
onlineshoppers,Informational,54,26,330,3,1,1,-1,0.03846153846153847,0.03846153846153846,23.5,24.541666666666668,25,1798,0.013904338153503892
onlineshoppers,Informational,55,27,304,3,1,1,-1,0.037037037037037035,0.037037037037037035,26.0,22.526315789473685,27,1556,0.017352185089974295
onlineshoppers,Informational,56,27,303,3,1,1,-1,0.037037037037037035,0.037037037037037035,26.0,23.57894736842105,30,1712,0.017523364485981307
onlineshoppers,Informational,57,27,325,2,1,1,-1,0.037037037037037035,0.03703703703703703,25.0,23.94736842105263,26,1846,0.014084507042253521
onlineshoppers,Informational,58,27,327,2,1,1,-1,0.03703703703703703,0.037037037037037035,26.0,24.04,27,1592,0.016959798994974875
onlineshoppers,Informational,59,27,289,3,1,2,-1,0.037037037037037035,0.037037037037037035,27.0,23.272727272727273,25,1594,0.015683814303638646
onlineshoppers,Informational,60,28,347,3,1,1,-1,0.03571428571428571,0.03571428571428571,27.0,24.523809523809526,26,1808,0.014380530973451327
onlineshoppers,Informational,61,26,305,2,1,1,-1,0.038461538461538464,0.03846153846153846,27.5,24.59090909090909,24,1616,0.01485148514851485
onlineshoppers,Informational,62,28,329,3,1,1,-1,0.03571428571428571,0.035714285714285705,30.0,24.476190476190474,26,1806,0.014396456256921373
onlineshoppers,Informational,63,27,315,3,1,1,-1,0.03703703703703704,0.037037037037037035,27.0,25.105263157894736,27,1638,0.016483516483516484
onlineshoppers,Informational,64,26,293,2,1,1,-1,0.03846153846153848,0.038461538461538464,23.0,22.27777777777778,24,1608,0.014925373134328358
onlineshoppers,Informational,65,27,331,3,1,1,-1,0.037037037037037035,0.03703703703703703,22.0,23.473684210526315,24,1642,0.014616321559074299
onlineshoppers,Informational,66,27,327,3,1,1,-1,0.037037037037037035,0.037037037037037035,23.0,23.35,30,1708,0.01756440281030445
onlineshoppers,Informational,67,28,303,3,1,1,-1,0.03571428571428571,0.035714285714285705,17.0,21.095238095238095,26,1724,0.015081206496519721
onlineshoppers,Informational,68,27,317,3,1,3,-1,0.037037037037037035,0.03703703703703703,26.5,23.545454545454547,27,1856,0.014547413793103448
onlineshoppers,Informational,69,26,302,3,1,2,-1,0.038461538461538464,0.038461538461538464,18.0,20.88235294117647,27,1736,0.01555299539170507
onlineshoppers,Informational,70,26,285,3,1,2,-1,0.038461538461538464,0.038461538461538464,20.0,21.5,26,1636,0.01589242053789731
onlineshoppers,Informational,71,27,338,2,1,1,-1,0.03703703703703703,0.037037037037037035,23.0,22.75,26,1852,0.014038876889848811
onlineshoppers,Informational,72,28,341,3,1,2,-1,0.03571428571428571,0.03571428571428571,28.0,25.65,29,2012,0.01441351888667992
onlineshoppers,Informational,73,27,330,3,1,1,-1,0.037037037037037035,0.03703703703703703,25.0,23.9375,24,1634,0.014687882496940025
onlineshoppers,Informational,74,28,300,3,1,2,-1,0.03571428571428571,0.0357142857142857,22.0,22.05,23,1678,0.013706793802145411
onlineshoppers,Informational,75,27,307,2,1,1,-1,0.037037037037037035,0.03703703703703704,25.5,23.8,25,1652,0.01513317191283293
onlineshoppers,Informational,76,26,321,2,1,1,-1,0.038461538461538464,0.038461538461538464,29.0,27.5,26,1884,0.013800424628450107
onlineshoppers,Informational,77,28,325,3,1,1,-1,0.03571428571428571,0.03571428571428572,24.5,23.727272727272727,26,1760,0.014772727272727272
onlineshoppers,Informational,78,28,333,3,1,1,-1,0.03571428571428571,0.03571428571428571,25.5,24.3125,25,1752,0.014269406392694063
onlineshoppers,Informational,79,27,336,3,1,1,-1,0.037037037037037035,0.037037037037037035,22.0,22.636363636363637,29,1674,0.017323775388291517
onlineshoppers,Informational,80,27,285,3,1,2,-1,0.03703703703703704,0.037037037037037035,17.5,20.77777777777778,31,1768,0.01753393665158371
onlineshoppers,Informational,81,28,325,3,1,2,-1,0.03571428571428571,0.035714285714285705,23.0,24.130434782608695,25,1728,0.014467592592592593
onlineshoppers,Informational,82,27,334,2,1,1,-1,0.037037037037037035,0.03703703703703703,23.0,23.35,26,1872,0.013888888888888888
onlineshoppers,Informational,83,27,292,3,1,2,-1,0.03703703703703703,0.037037037037037035,17.0,20.0,26,1572,0.01653944020356234
onlineshoppers,Informational,84,26,306,3,1,2,-1,0.038461538461538464,0.038461538461538464,28.0,23.789473684210527,27,1898,0.01422550052687039
onlineshoppers,Informational,85,27,335,3,1,2,-1,0.03703703703703704,0.037037037037037035,25.0,24.5,25,1800,0.013888888888888888
onlineshoppers,Informational,86,27,325,3,1,1,-1,0.037037037037037035,0.037037037037037035,20.0,22.92,22,1698,0.012956419316843345
onlineshoppers,Informational,87,27,301,3,1,2,-1,0.037037037037037035,0.03703703703703704,18.0,21.904761904761905,27,1798,0.015016685205784204
onlineshoppers,Informational,88,26,287,3,1,2,-1,0.03846153846153846,0.03846153846153847,24.0,22.391304347826086,27,1622,0.016646115906288533
onlineshoppers,Informational,89,27,296,3,1,1,-1,0.037037037037037035,0.03703703703703704,28.0,23.42105263157895,26,1664,0.015625
onlineshoppers,Informational,90,27,292,3,1,1,-1,0.037037037037037035,0.037037037037037035,21.0,21.263157894736842,26,1494,0.01740294511378849
onlineshoppers,Informational,91,28,331,3,1,1,-1,0.03571428571428572,0.03571428571428571,22.5,23.75,36,1676,0.021479713603818614
onlineshoppers,Informational,92,26,295,2,1,1,-1,0.03846153846153847,0.03846153846153846,22.0,23.428571428571427,27,1510,0.017880794701986755
onlineshoppers,Informational,93,27,303,3,1,1,-1,0.037037037037037035,0.037037037037037035,19.0,21.476190476190474,27,1630,0.016564417177914112
onlineshoppers,Informational,94,27,322,3,1,1,-1,0.03703703703703704,0.037037037037037035,24.5,24.045454545454547,25,1670,0.014970059880239521
onlineshoppers,Informational,95,27,301,3,1,1,-1,0.03703703703703704,0.037037037037037035,24.0,22.59090909090909,22,1618,0.013597033374536464
onlineshoppers,Informational,96,27,336,2,1,1,-1,0.03703703703703703,0.03703703703703703,18.5,22.38888888888889,26,1830,0.014207650273224045
onlineshoppers,Informational,97,28,304,3,1,3,-1,0.03571428571428571,0.03571428571428573,24.0,22.523809523809526,26,1770,0.014689265536723164
onlineshoppers,Informational,98,26,275,3,1,1,-1,0.03846153846153847,0.038461538461538464,21.0,20.75,27,1540,0.01753246753246753
onlineshoppers,Informational,99,27,329,3,1,1,-1,0.037037037037037035,0.03703703703703703,30.0,26.238095238095237,24,1692,0.014184397163120567
onlineshoppers,Informational,100,26,319,3,1,2,-1,0.03846153846153845,0.03846153846153847,18.5,22.35,27,1888,0.014300847457627119
onlineshoppers,Informational,101,27,297,3,1,1,-1,0.03703703703703704,0.037037037037037035,21.0,22.63157894736842,25,1624,0.01539408866995074
onlineshoppers,Informational,102,27,342,3,1,1,-1,0.037037037037037035,0.03703703703703704,23.0,23.94736842105263,23,1918,0.011991657977059436
onlineshoppers,Informational,103,27,340,3,1,1,-1,0.03703703703703704,0.037037037037037035,23.5,23.35,27,1840,0.014673913043478261
onlineshoppers,Informational,104,28,309,3,1,1,-1,0.03571428571428571,0.03571428571428572,19.0,21.772727272727273,31,1642,0.018879415347137638
onlineshoppers,Informational,105,28,308,3,1,1,-1,0.03571428571428571,0.03571428571428571,17.0,20.36842105263158,24,1692,0.014184397163120567
onlineshoppers,Informational,106,28,322,3,1,1,-1,0.03571428571428572,0.035714285714285705,25.5,24.045454545454547,24,1714,0.014002333722287048
onlineshoppers,Informational,107,27,310,3,1,3,-1,0.037037037037037035,0.03703703703703703,28.0,23.157894736842106,28,1828,0.015317286652078774
onlineshoppers,Informational,108,28,309,3,1,2,-1,0.03571428571428572,0.03571428571428571,21.0,20.88235294117647,37,1608,0.023009950248756218
onlineshoppers,Informational,109,28,323,3,1,1,-1,0.03571428571428571,0.03571428571428572,24.0,23.095238095238095,29,1724,0.016821345707656612
onlineshoppers,Informational,110,28,334,3,1,1,-1,0.03571428571428571,0.03571428571428571,20.0,21.333333333333332,26,1956,0.013292433537832311
onlineshoppers,Informational,111,27,306,3,1,2,-1,0.03703703703703704,0.037037037037037035,28.0,23.68421052631579,26,1632,0.015931372549019607
onlineshoppers,Informational,112,26,327,3,1,1,-1,0.038461538461538464,0.038461538461538464,26.0,24.294117647058822,24,1720,0.013953488372093023
onlineshoppers,Informational,113,28,318,3,1,1,-1,0.03571428571428572,0.03571428571428571,24.0,23.47826086956522,26,1772,0.014672686230248307
onlineshoppers,Informational,114,27,356,2,1,1,-1,0.03703703703703704,0.037037037037037035,29.0,26.72222222222222,24,1714,0.014002333722287048
onlineshoppers,Informational,115,28,316,3,1,1,-1,0.035714285714285705,0.03571428571428572,25.5,23.318181818181817,25,1642,0.015225334957369063
onlineshoppers,Informational,116,27,325,2,1,1,-1,0.03703703703703704,0.037037037037037035,21.0,22.285714285714285,26,1748,0.014874141876430207
onlineshoppers,Informational,117,28,311,3,1,1,-1,0.03571428571428572,0.03571428571428571,24.0,22.714285714285715,30,1630,0.018404907975460124
onlineshoppers,Informational,118,25,289,3,1,2,-1,0.039999999999999994,0.04,23.5,21.555555555555557,30,1664,0.018028846153846152
onlineshoppers,Informational,119,26,325,2,1,1,-1,0.038461538461538464,0.03846153846153846,27.0,26.470588235294116,25,1744,0.014334862385321102
onlineshoppers,Informational,120,28,317,3,1,1,-1,0.03571428571428572,0.03571428571428571,23.5,23.227272727272727,27,1578,0.017110266159695818
onlineshoppers,Informational,121,26,298,3,1,2,-1,0.03846153846153845,0.03846153846153847,25.0,22.105263157894736,31,1656,0.018719806763285024
onlineshoppers,Informational,122,27,331,2,1,1,-1,0.03703703703703703,0.03703703703703703,25.0,24.157894736842106,23,1648,0.013956310679611651
onlineshoppers,Informational,123,27,316,3,1,1,-1,0.037037037037037035,0.037037037037037035,27.5,24.45,30,1662,0.018050541516245487
onlineshoppers,Informational,124,27,301,3,1,1,-1,0.03703703703703703,0.037037037037037035,23.0,22.347826086956523,30,1878,0.01597444089456869
onlineshoppers,Informational,125,28,324,3,1,2,-1,0.03571428571428571,0.03571428571428572,23.5,23.0,26,1736,0.014976958525345621
onlineshoppers,Informational,126,27,367,2,1,1,-1,0.037037037037037035,0.03703703703703704,27.0,27.36842105263158,23,1780,0.012921348314606741
onlineshoppers,Informational,127,27,292,3,1,2,-1,0.037037037037037035,0.03703703703703704,20.0,21.636363636363637,25,1712,0.014602803738317757
onlineshoppers,Informational,128,27,318,3,1,2,-1,0.037037037037037056,0.037037037037037035,20.0,21.88235294117647,27,1706,0.015826494724501757
onlineshoppers,Informational,129,28,343,3,1,1,-1,0.035714285714285705,0.03571428571428571,25.5,25.8,29,1966,0.014750762970498474
onlineshoppers,Informational,130,26,301,2,1,1,-1,0.03846153846153846,0.03846153846153845,27.0,23.904761904761905,37,1592,0.023241206030150754
onlineshoppers,Informational,131,27,295,3,1,2,-1,0.037037037037037035,0.037037037037037035,21.0,21.944444444444443,26,1626,0.015990159901599015
onlineshoppers,Informational,132,27,329,3,1,1,-1,0.037037037037037035,0.037037037037037035,23.0,24.227272727272727,24,1700,0.01411764705882353
onlineshoppers,Informational,133,25,317,2,1,1,-1,0.04,0.04,29.5,26.666666666666668,27,1626,0.016605166051660517
onlineshoppers,Informational,134,26,320,3,1,1,-1,0.03846153846153846,0.038461538461538464,25.0,23.45,24,1708,0.01405152224824356
onlineshoppers,Informational,135,27,302,3,1,1,-1,0.037037037037037035,0.03703703703703703,19.0,21.35,29,1638,0.017704517704517704
onlineshoppers,Informational,136,26,335,2,1,1,-1,0.038461538461538464,0.038461538461538464,24.0,24.952380952380953,27,1684,0.016033254156769598
onlineshoppers,Informational,137,26,331,3,1,2,-1,0.03846153846153847,0.03846153846153847,25.5,24.6,27,1876,0.014392324093816631
onlineshoppers,Informational,138,26,322,3,1,3,-1,0.03846153846153847,0.03846153846153847,27.0,23.263157894736842,26,1946,0.013360739979445015
onlineshoppers,Informational,139,26,305,3,1,3,-1,0.038461538461538464,0.03846153846153847,26.0,22.42105263157895,23,1726,0.013325608342989572
onlineshoppers,Informational,140,26,319,2,1,1,-1,0.03846153846153845,0.03846153846153847,29.0,24.88888888888889,25,1628,0.015356265356265357
onlineshoppers,Informational,141,28,334,3,1,1,-1,0.03571428571428571,0.03571428571428572,23.0,24.75,24,1674,0.014336917562724014
onlineshoppers,Informational,142,28,306,3,1,1,-1,0.03571428571428571,0.03571428571428572,19.0,22.0,26,1650,0.01575757575757576
onlineshoppers,Informational,143,27,347,2,1,1,-1,0.03703703703703703,0.03703703703703703,25.0,25.764705882352942,24,1772,0.013544018058690745
onlineshoppers,Informational,144,27,303,3,1,1,-1,0.037037037037037035,0.037037037037037035,20.0,21.565217391304348,23,1544,0.014896373056994818
onlineshoppers,Informational,145,28,297,3,1,1,-1,0.03571428571428571,0.03571428571428571,17.0,20.26086956521739,24,1794,0.013377926421404682
onlineshoppers,Informational,146,27,325,2,1,1,-1,0.037037037037037035,0.037037037037037035,23.0,24.42105263157895,25,1598,0.015644555694618274
onlineshoppers,Informational,147,27,325,3,1,2,-1,0.03703703703703704,0.037037037037037035,22.0,22.61904761904762,26,1882,0.01381509032943677
onlineshoppers,Informational,148,27,312,3,1,3,-1,0.037037037037037035,0.037037037037037035,21.5,21.0,26,1716,0.015151515151515152
onlineshoppers,Informational,149,27,294,3,1,2,-1,0.03703703703703703,0.037037037037037035,25.0,24.105263157894736,27,1698,0.015901060070671377
onlineshoppers,Informational,150,27,335,3,1,2,-1,0.03703703703703703,0.037037037037037035,25.5,24.55,30,1902,0.015772870662460567
onlineshoppers,Informational,151,27,309,3,1,2,-1,0.03703703703703703,0.037037037037037035,24.5,22.55,29,1906,0.015215110178384051
onlineshoppers,Informational,152,27,321,3,1,2,-1,0.03703703703703704,0.037037037037037035,27.0,24.09090909090909,25,1872,0.013354700854700854
onlineshoppers,Informational,153,28,331,3,1,1,-1,0.03571428571428571,0.03571428571428572,28.5,24.727272727272727,26,1758,0.01478953356086462
onlineshoppers,Informational,154,28,319,3,1,1,-1,0.03571428571428571,0.03571428571428572,28.0,23.6,20,1618,0.012360939431396786
onlineshoppers,Informational,155,27,299,2,1,2,-1,0.037037037037037035,0.03703703703703704,25.0,23.045454545454547,29,1540,0.01883116883116883
onlineshoppers,Informational,156,27,323,3,1,1,-1,0.037037037037037035,0.037037037037037035,23.0,23.181818181818183,23,1726,0.013325608342989572
onlineshoppers,Informational,157,27,313,3,1,1,-1,0.037037037037037035,0.037037037037037035,23.5,22.75,26,1650,0.01575757575757576
onlineshoppers,Informational,158,26,350,2,1,1,-1,0.03846153846153847,0.038461538461538464,25.0,25.15,26,1770,0.014689265536723164
onlineshoppers,Informational,159,26,315,3,1,2,-1,0.03846153846153846,0.038461538461538464,27.5,24.75,26,1760,0.014772727272727272
onlineshoppers,Informational,160,28,297,3,1,2,-1,0.03571428571428571,0.03571428571428571,22.0,21.714285714285715,29,1698,0.01707891637220259
onlineshoppers,Informational,161,26,326,3,1,3,-1,0.03846153846153845,0.03846153846153846,25.0,25.217391304347824,24,1838,0.013057671381936888
onlineshoppers,Informational,162,26,306,3,1,2,-1,0.03846153846153845,0.03846153846153846,24.0,23.6,27,1716,0.015734265734265736
onlineshoppers,Informational,163,27,331,2,1,1,-1,0.037037037037037035,0.03703703703703704,26.0,24.782608695652176,27,1666,0.016206482593037214
onlineshoppers,Informational,164,28,314,3,1,1,-1,0.03571428571428571,0.035714285714285705,18.0,21.57894736842105,26,1656,0.01570048309178744
onlineshoppers,Informational,165,26,352,2,1,1,-1,0.03846153846153847,0.03846153846153845,25.5,26.90909090909091,26,1780,0.014606741573033709
onlineshoppers,Informational,166,27,315,3,1,2,-1,0.037037037037037035,0.03703703703703704,21.0,21.857142857142858,27,1876,0.014392324093816631
onlineshoppers,Informational,167,25,291,3,1,2,-1,0.04,0.04000000000000001,27.0,23.473684210526315,24,1622,0.014796547472256474
onlineshoppers,Informational,168,28,323,3,1,1,-1,0.03571428571428571,0.03571428571428572,26.0,23.181818181818183,24,1872,0.01282051282051282
onlineshoppers,Informational,169,26,333,2,1,1,-1,0.038461538461538464,0.03846153846153847,27.0,25.952380952380953,27,1768,0.015271493212669683
onlineshoppers,Informational,170,27,334,3,1,1,-1,0.037037037037037035,0.03703703703703704,22.0,23.19047619047619,21,1664,0.012620192307692308
onlineshoppers,Informational,171,27,315,2,1,2,-1,0.037037037037037035,0.037037037037037035,28.5,25.05,28,1730,0.016184971098265895
onlineshoppers,Informational,172,27,341,2,1,1,-1,0.03703703703703704,0.037037037037037035,25.0,25.8,33,1784,0.018497757847533634
onlineshoppers,Informational,173,26,315,3,1,1,-1,0.03846153846153847,0.038461538461538464,29.5,25.666666666666668,21,1662,0.01263537906137184
onlineshoppers,Informational,174,26,339,2,1,1,-1,0.03846153846153846,0.038461538461538464,28.0,26.523809523809526,28,1780,0.015730337078651686
onlineshoppers,Informational,175,27,306,3,1,1,-1,0.037037037037037035,0.037037037037037035,19.5,22.11111111111111,26,1724,0.015081206496519721
onlineshoppers,Informational,176,27,323,3,1,1,-1,0.037037037037037035,0.037037037037037035,25.0,24.227272727272727,28,1946,0.014388489208633094
onlineshoppers,Informational,177,27,318,3,1,1,-1,0.037037037037037035,0.03703703703703703,21.5,22.555555555555557,22,1616,0.013613861386138614
onlineshoppers,Informational,178,27,326,3,1,1,-1,0.037037037037037035,0.03703703703703704,23.5,23.363636363636363,27,1752,0.015410958904109588
onlineshoppers,Informational,179,26,313,2,1,1,-1,0.038461538461538464,0.038461538461538464,25.0,23.470588235294116,24,1930,0.012435233160621761
onlineshoppers,Informational,180,27,300,3,1,2,-1,0.03703703703703704,0.037037037037037035,23.0,22.75,25,1780,0.014044943820224719
onlineshoppers,Informational,181,27,355,2,1,1,-1,0.03703703703703704,0.037037037037037035,29.0,26.473684210526315,27,1886,0.014316012725344645
onlineshoppers,Informational,182,28,331,3,1,1,-1,0.035714285714285705,0.03571428571428572,24.0,23.80952380952381,25,1776,0.014076576576576577
onlineshoppers,Informational,183,26,351,2,1,1,-1,0.03846153846153846,0.03846153846153846,27.0,27.2,28,1910,0.014659685863874346
onlineshoppers,Informational,184,27,315,3,1,2,-1,0.037037037037037035,0.03703703703703704,19.5,22.3,23,1912,0.01202928870292887
onlineshoppers,Informational,185,27,292,3,1,2,-1,0.03703703703703704,0.037037037037037035,20.5,20.818181818181817,26,1784,0.014573991031390135
onlineshoppers,Informational,186,26,315,2,1,1,-1,0.03846153846153847,0.038461538461538464,28.5,25.22222222222222,29,1876,0.015458422174840085
onlineshoppers,Informational,187,27,312,3,1,1,-1,0.037037037037037035,0.03703703703703703,28.5,25.0,23,1654,0.013905683192261185
onlineshoppers,Informational,188,28,292,3,1,3,-1,0.03571428571428571,0.03571428571428571,27.0,22.476190476190474,26,1610,0.016149068322981366
onlineshoppers,Informational,189,27,320,3,1,1,-1,0.03703703703703703,0.03703703703703703,25.5,24.65,23,1930,0.011917098445595855
onlineshoppers,Informational,190,28,363,3,1,2,-1,0.03571428571428571,0.03571428571428572,28.5,26.681818181818183,26,1920,0.013541666666666667
onlineshoppers,Informational,191,27,310,3,1,3,-1,0.03703703703703703,0.037037037037037035,23.5,21.65,21,1754,0.011972633979475485
onlineshoppers,Informational,192,27,325,3,1,1,-1,0.03703703703703704,0.037037037037037035,25.0,23.347826086956523,27,1880,0.014361702127659574
onlineshoppers,Informational,193,27,359,3,1,2,-1,0.037037037037037056,0.037037037037037035,24.5,25.88888888888889,24,1878,0.012779552715654952
onlineshoppers,Informational,194,28,340,3,1,1,-1,0.03571428571428572,0.03571428571428571,20.5,23.444444444444443,21,1690,0.01242603550295858
onlineshoppers,Informational,195,28,337,3,1,1,-1,0.03571428571428571,0.03571428571428572,21.0,23.04,27,1864,0.014484978540772532
onlineshoppers,Informational,196,27,309,3,1,1,-1,0.037037037037037035,0.037037037037037035,21.0,21.7,31,1732,0.01789838337182448
onlineshoppers,Informational,197,27,286,3,1,3,-1,0.03703703703703704,0.037037037037037035,27.0,22.85,28,1650,0.01696969696969697
onlineshoppers,Informational,198,26,308,3,1,1,-1,0.03846153846153846,0.038461538461538464,22.0,22.42105263157895,24,1764,0.013605442176870748
onlineshoppers,Informational,199,27,314,3,1,2,-1,0.03703703703703703,0.03703703703703703,18.0,21.294117647058822,24,1754,0.013683010262257697
onlineshoppers,Informational,200,28,317,3,1,1,-1,0.035714285714285705,0.03571428571428572,24.5,23.2,31,1800,0.017222222222222222
onlineshoppers,Informational,201,26,304,2,1,1,-1,0.038461538461538464,0.03846153846153846,26.0,24.80952380952381,21,1636,0.012836185819070905
onlineshoppers,Informational,202,27,323,3,1,1,-1,0.03703703703703703,0.037037037037037035,23.0,23.38095238095238,35,1672,0.020933014354066987
onlineshoppers,Informational,203,27,309,3,1,1,-1,0.037037037037037035,0.037037037037037035,26.0,24.61111111111111,23,1646,0.013973268529769137
onlineshoppers,Informational,204,27,310,3,1,2,-1,0.03703703703703704,0.03703703703703704,24.0,22.956521739130434,29,1766,0.01642129105322763
onlineshoppers,Informational,205,26,312,3,1,1,-1,0.03846153846153846,0.03846153846153846,24.0,23.94736842105263,26,1886,0.013785790031813362
onlineshoppers,Informational,206,27,318,2,1,1,-1,0.037037037037037035,0.037037037037037035,22.0,22.25,28,1644,0.0170316301703163
onlineshoppers,Informational,207,27,338,3,1,1,-1,0.03703703703703703,0.03703703703703704,26.5,26.45,23,1794,0.01282051282051282
onlineshoppers,Informational,208,27,298,3,1,1,-1,0.037037037037037035,0.037037037037037035,26.0,22.38095238095238,25,1776,0.014076576576576577
onlineshoppers,Informational,209,28,356,3,1,2,-1,0.03571428571428571,0.03571428571428571,23.0,24.38095238095238,28,1818,0.015401540154015401
onlineshoppers,Informational,210,28,338,3,1,2,-1,0.035714285714285705,0.03571428571428571,23.0,23.0,25,1962,0.0127420998980632
onlineshoppers,Informational,211,27,315,3,1,1,-1,0.03703703703703704,0.037037037037037035,27.0,24.666666666666668,28,1836,0.015250544662309368
onlineshoppers,Informational,212,27,325,3,1,1,-1,0.037037037037037035,0.03703703703703704,19.0,22.944444444444443,28,1748,0.016018306636155607
onlineshoppers,Informational,213,25,296,3,1,2,-1,0.04000000000000001,0.04,22.5,22.555555555555557,24,1760,0.013636363636363636
onlineshoppers,Informational,214,27,310,3,1,2,-1,0.037037037037037035,0.037037037037037035,22.5,21.863636363636363,25,1704,0.014671361502347418
onlineshoppers,Informational,215,28,333,3,1,1,-1,0.035714285714285705,0.03571428571428571,25.0,24.894736842105264,28,1906,0.014690451206715634
onlineshoppers,Informational,216,26,311,3,1,2,-1,0.03846153846153846,0.03846153846153847,25.0,23.130434782608695,28,1770,0.015819209039548022
onlineshoppers,Informational,217,27,304,3,1,1,-1,0.037037037037037035,0.03703703703703704,19.0,20.8,26,1640,0.015853658536585366
onlineshoppers,Informational,218,26,321,2,1,1,-1,0.038461538461538464,0.038461538461538464,25.0,24.6,23,1598,0.014392991239048811
onlineshoppers,Informational,219,26,326,2,1,1,-1,0.03846153846153845,0.03846153846153846,29.0,26.85,28,1740,0.016091954022988506
onlineshoppers,Informational,220,28,351,3,1,1,-1,0.03571428571428571,0.03571428571428572,30.0,26.863636363636363,27,1910,0.014136125654450262
onlineshoppers,Informational,221,27,306,3,1,1,-1,0.03703703703703704,0.037037037037037035,22.0,23.15,28,1614,0.01734820322180917
onlineshoppers,Informational,222,26,302,2,1,1,-1,0.03846153846153845,0.038461538461538464,26.0,24.105263157894736,28,1658,0.016887816646562123
onlineshoppers,Informational,223,28,314,3,1,2,-1,0.03571428571428571,0.03571428571428571,22.5,22.9,27,2006,0.013459621136590228
onlineshoppers,Informational,224,28,322,3,1,1,-1,0.03571428571428571,0.03571428571428571,19.0,21.6,25,1802,0.013873473917869035
onlineshoppers,Informational,225,27,335,3,1,1,-1,0.037037037037037035,0.037037037037037035,25.0,24.652173913043477,30,2002,0.014985014985014986
onlineshoppers,Informational,226,26,292,3,1,2,-1,0.038461538461538464,0.03846153846153846,23.0,22.391304347826086,25,1718,0.014551804423748545
onlineshoppers,Informational,227,27,317,3,1,1,-1,0.037037037037037035,0.03703703703703704,25.5,24.1,26,1782,0.014590347923681257
onlineshoppers,Informational,228,26,319,2,1,1,-1,0.03846153846153847,0.038461538461538464,21.5,22.055555555555557,24,1820,0.013186813186813187
onlineshoppers,Informational,229,27,345,2,1,1,-1,0.037037037037037035,0.037037037037037035,27.0,26.555555555555557,27,1840,0.014673913043478261
onlineshoppers,Informational,230,28,346,3,1,1,-1,0.035714285714285705,0.03571428571428571,21.0,23.17391304347826,25,1790,0.013966480446927373
onlineshoppers,Informational,231,26,287,3,1,2,-1,0.038461538461538464,0.03846153846153847,21.0,21.75,31,1706,0.01817116060961313
onlineshoppers,Informational,232,27,309,3,1,1,-1,0.03703703703703703,0.03703703703703704,18.0,20.904761904761905,30,1620,0.018518518518518517
onlineshoppers,Informational,233,28,324,3,1,1,-1,0.03571428571428571,0.03571428571428571,22.0,23.0,28,1594,0.01756587202007528
onlineshoppers,Informational,234,26,302,2,1,1,-1,0.038461538461538464,0.038461538461538464,27.5,24.318181818181817,25,1608,0.01554726368159204
onlineshoppers,Informational,235,28,335,3,1,1,-1,0.035714285714285705,0.03571428571428571,21.0,22.954545454545453,26,1604,0.016209476309226933
onlineshoppers,Informational,236,27,326,3,1,1,-1,0.037037037037037035,0.037037037037037035,21.0,23.42105263157895,22,1614,0.013630731102850062
onlineshoppers,Informational,237,27,330,2,1,1,-1,0.037037037037037035,0.03703703703703704,21.0,23.5,28,1754,0.01596351197263398
onlineshoppers,Informational,238,26,284,3,1,2,-1,0.038461538461538464,0.038461538461538464,20.0,21.166666666666668,30,1542,0.019455252918287938
onlineshoppers,Informational,239,27,308,3,1,1,-1,0.037037037037037035,0.037037037037037035,26.5,23.5,27,1786,0.015117581187010079
onlineshoppers,Informational,240,27,297,3,1,2,-1,0.03703703703703704,0.03703703703703703,25.0,23.133333333333333,25,1724,0.014501160092807424
onlineshoppers,Informational,241,26,311,3,1,1,-1,0.03846153846153848,0.038461538461538464,19.0,22.36842105263158,26,1652,0.015738498789346248
onlineshoppers,Informational,242,28,343,3,1,1,-1,0.03571428571428572,0.03571428571428572,27.0,25.5,25,1710,0.014619883040935672
onlineshoppers,Informational,243,27,322,3,1,1,-1,0.03703703703703704,0.037037037037037035,28.0,25.6,23,1716,0.013403263403263404
onlineshoppers,Informational,244,28,317,3,1,2,-1,0.03571428571428571,0.03571428571428571,18.0,21.05263157894737,32,1914,0.01671891327063741
onlineshoppers,Informational,245,26,321,3,1,1,-1,0.03846153846153845,0.03846153846153847,32.0,26.42105263157895,28,1806,0.015503875968992248
onlineshoppers,Informational,246,26,298,3,1,2,-1,0.03846153846153846,0.03846153846153847,25.5,22.55,27,1570,0.017197452229299363
onlineshoppers,Informational,247,25,304,3,1,2,-1,0.04000000000000001,0.04,22.0,23.47826086956522,26,1676,0.015513126491646777
onlineshoppers,Informational,248,28,325,3,1,1,-1,0.03571428571428572,0.03571428571428571,19.0,22.869565217391305,28,1694,0.01652892561983471
onlineshoppers,Informational,249,28,352,3,1,1,-1,0.03571428571428571,0.03571428571428572,29.0,24.857142857142858,25,1830,0.01366120218579235
onlineshoppers,Informational,250,27,333,3,1,1,-1,0.037037037037037035,0.03703703703703703,23.0,23.681818181818183,27,1904,0.014180672268907563
onlineshoppers,Informational,251,27,335,2,1,1,-1,0.037037037037037035,0.037037037037037035,30.0,26.72222222222222,25,1812,0.01379690949227373
onlineshoppers,Informational,252,28,350,3,1,1,-1,0.03571428571428571,0.03571428571428571,22.0,23.15,26,1880,0.013829787234042552
onlineshoppers,Informational,253,27,281,3,1,2,-1,0.03703703703703704,0.03703703703703704,18.5,19.8,28,1622,0.01726263871763255
onlineshoppers,Informational,254,26,349,2,1,1,-1,0.038461538461538464,0.03846153846153845,23.5,25.954545454545453,32,1736,0.018433179723502304
onlineshoppers,Informational,255,26,318,2,1,1,-1,0.03846153846153848,0.038461538461538464,28.0,24.058823529411764,26,1868,0.013918629550321198
onlineshoppers,Informational,256,27,314,2,1,1,-1,0.03703703703703703,0.037037037037037035,20.0,22.19047619047619,23,1664,0.013822115384615384
onlineshoppers,Informational,257,26,342,2,1,1,-1,0.03846153846153845,0.038461538461538464,27.0,26.166666666666668,23,1772,0.012979683972911963
onlineshoppers,Informational,258,28,317,3,1,1,-1,0.03571428571428571,0.03571428571428571,27.5,23.7,34,1656,0.020531400966183576
onlineshoppers,Informational,259,26,314,2,1,1,-1,0.038461538461538464,0.038461538461538464,27.0,23.894736842105264,26,1608,0.01616915422885572
onlineshoppers,Informational,260,26,308,2,1,1,-1,0.038461538461538464,0.03846153846153846,23.0,22.476190476190474,24,1728,0.013888888888888888
onlineshoppers,Informational,261,28,311,4,1,2,-1,0.03571428571428572,0.03571428571428571,17.0,21.105263157894736,27,1732,0.01558891454965358
onlineshoppers,Informational,262,27,298,2,1,1,-1,0.037037037037037035,0.03703703703703704,27.0,24.19047619047619,28,1536,0.018229166666666668
onlineshoppers,Informational,263,26,285,3,1,1,-1,0.038461538461538464,0.038461538461538464,22.5,22.3,24,1618,0.014833127317676144
onlineshoppers,Informational,264,27,314,2,1,1,-1,0.037037037037037035,0.03703703703703704,29.5,24.0,29,1690,0.017159763313609466
onlineshoppers,Informational,265,27,329,3,1,1,-1,0.037037037037037035,0.037037037037037035,26.0,24.136363636363637,24,1750,0.013714285714285714
onlineshoppers,Informational,266,27,300,3,1,1,-1,0.037037037037037035,0.03703703703703704,27.0,24.19047619047619,24,1626,0.014760147601476014
onlineshoppers,Informational,267,27,331,3,1,1,-1,0.03703703703703704,0.037037037037037035,21.5,23.136363636363637,21,1816,0.011563876651982379
onlineshoppers,Informational,268,26,317,2,1,1,-1,0.03846153846153846,0.03846153846153845,29.0,25.235294117647058,24,1562,0.015364916773367477
onlineshoppers,Informational,269,27,336,2,1,1,-1,0.037037037037037035,0.03703703703703703,23.0,23.75,22,1684,0.013064133016627079
onlineshoppers,Informational,270,28,323,3,1,2,-1,0.035714285714285705,0.03571428571428571,28.0,24.80952380952381,27,1830,0.014754098360655738
onlineshoppers,Informational,271,26,311,2,1,1,-1,0.038461538461538464,0.038461538461538464,24.5,23.05,26,1602,0.016229712858926344
onlineshoppers,Informational,272,27,325,3,1,1,-1,0.037037037037037035,0.037037037037037035,26.0,23.82608695652174,24,1680,0.014285714285714285
onlineshoppers,Informational,273,28,297,3,1,3,-1,0.03571428571428571,0.035714285714285705,20.0,21.454545454545453,24,1870,0.012834224598930482
onlineshoppers,Informational,274,28,327,3,1,2,-1,0.03571428571428571,0.03571428571428571,25.0,24.375,25,1720,0.014534883720930232
onlineshoppers,Informational,275,27,325,3,1,1,-1,0.037037037037037035,0.037037037037037035,23.0,22.3,27,1646,0.016403402187120292
onlineshoppers,Informational,276,27,279,3,1,3,-1,0.03703703703703704,0.037037037037037035,15.0,18.65,27,1546,0.017464424320827943
onlineshoppers,Informational,277,25,292,3,1,2,-1,0.04000000000000001,0.04000000000000001,24.0,22.333333333333332,29,1778,0.016310461192350956
onlineshoppers,Informational,278,26,312,3,1,2,-1,0.038461538461538464,0.038461538461538464,25.5,23.5,26,1754,0.014823261117445839
onlineshoppers,Informational,279,27,283,3,1,1,-1,0.037037037037037035,0.037037037037037035,23.5,21.444444444444443,23,1560,0.014743589743589743
onlineshoppers,Informational,280,28,314,2,1,1,-1,0.03571428571428572,0.03571428571428572,27.5,24.25,24,1706,0.01406799531066823
onlineshoppers,Informational,281,28,331,3,1,1,-1,0.03571428571428571,0.03571428571428572,18.0,22.63157894736842,26,1910,0.013612565445026177
onlineshoppers,Informational,282,28,340,3,1,1,-1,0.03571428571428572,0.03571428571428572,28.0,26.36,26,1802,0.014428412874583796
onlineshoppers,Informational,283,27,310,3,1,1,-1,0.03703703703703703,0.037037037037037035,21.0,21.523809523809526,25,1668,0.01498800959232614
onlineshoppers,Informational,284,27,312,3,1,1,-1,0.03703703703703704,0.03703703703703703,26.5,24.454545454545453,27,1664,0.01622596153846154
onlineshoppers,Informational,285,27,330,3,1,1,-1,0.03703703703703703,0.037037037037037035,24.0,22.095238095238095,27,1836,0.014705882352941176
onlineshoppers,Informational,286,28,316,3,1,1,-1,0.03571428571428572,0.03571428571428572,26.0,23.157894736842106,31,1676,0.018496420047732696
onlineshoppers,Informational,287,27,299,3,1,4,-1,0.03703703703703703,0.037037037037037035,25.0,23.708333333333332,31,1648,0.018810679611650484
onlineshoppers,Informational,288,26,326,2,1,1,-1,0.03846153846153846,0.03846153846153845,25.5,24.681818181818183,25,1784,0.014013452914798207
onlineshoppers,Informational,289,26,333,3,1,2,-1,0.03846153846153846,0.03846153846153845,24.5,23.2,31,1978,0.015672396359959553
onlineshoppers,Informational,290,26,310,3,1,2,-1,0.03846153846153847,0.038461538461538464,25.5,23.75,29,1766,0.01642129105322763
onlineshoppers,Informational,291,27,297,2,1,1,-1,0.037037037037037035,0.037037037037037035,23.0,23.0,29,1568,0.018494897959183673
onlineshoppers,Informational,292,26,284,3,1,1,-1,0.03846153846153847,0.038461538461538464,25.5,23.444444444444443,24,1538,0.015604681404421327
onlineshoppers,Informational,293,27,316,3,1,1,-1,0.037037037037037035,0.037037037037037035,19.0,22.105263157894736,23,1620,0.014197530864197531
onlineshoppers,Informational,294,26,290,3,1,1,-1,0.03846153846153845,0.038461538461538464,24.5,22.5,24,1536,0.015625
onlineshoppers,Informational,295,26,310,2,1,1,-1,0.038461538461538464,0.03846153846153847,26.0,23.42105263157895,30,1662,0.018050541516245487
onlineshoppers,Informational,296,27,327,3,1,1,-1,0.037037037037037035,0.03703703703703703,22.5,23.545454545454547,30,1774,0.016910935738444193
onlineshoppers,Informational,297,27,305,3,1,3,-1,0.037037037037037035,0.037037037037037035,27.0,23.736842105263158,25,1666,0.015006002400960384
onlineshoppers,Informational,298,28,328,3,1,1,-1,0.035714285714285705,0.03571428571428571,22.0,22.210526315789473,32,1930,0.016580310880829015
onlineshoppers,Informational,299,28,350,3,1,1,-1,0.03571428571428571,0.03571428571428572,24.5,26.227272727272727,28,1874,0.014941302027748132
onlineshoppers,Informational_Duration,0,28,359,3,1,1,-1,0.03571428571428571,0.03571428571428571,29.0,25.73913043478261,26,2066,0.012584704743465635
onlineshoppers,Informational_Duration,1,27,341,2,1,1,-1,0.037037037037037035,0.037037037037037035,22.0,24.318181818181817,25,1736,0.014400921658986175
onlineshoppers,Informational_Duration,2,26,311,3,1,1,-1,0.03846153846153846,0.038461538461538464,26.0,23.764705882352942,24,1642,0.014616321559074299
onlineshoppers,Informational_Duration,3,27,353,3,1,1,-1,0.037037037037037035,0.037037037037037035,28.0,26.636363636363637,31,1800,0.017222222222222222
onlineshoppers,Informational_Duration,4,27,299,3,1,2,-1,0.037037037037037035,0.03703703703703703,26.0,22.157894736842106,26,1738,0.014959723820483314
onlineshoppers,Informational_Duration,5,27,341,3,1,2,-1,0.037037037037037035,0.037037037037037035,28.5,24.4,24,2002,0.011988011988011988
onlineshoppers,Informational_Duration,6,27,320,3,1,1,-1,0.03703703703703703,0.037037037037037035,24.5,23.9,28,1614,0.01734820322180917
onlineshoppers,Informational_Duration,7,28,303,3,1,2,-1,0.03571428571428572,0.03571428571428571,26.5,22.9,27,1746,0.015463917525773196
onlineshoppers,Informational_Duration,8,27,305,3,1,2,-1,0.03703703703703703,0.03703703703703704,18.0,21.31578947368421,24,1700,0.01411764705882353
onlineshoppers,Informational_Duration,9,28,330,3,1,1,-1,0.03571428571428571,0.03571428571428571,25.5,24.545454545454547,27,1674,0.016129032258064516
onlineshoppers,Informational_Duration,10,26,304,3,1,1,-1,0.038461538461538464,0.03846153846153845,26.5,24.95,29,1550,0.01870967741935484
onlineshoppers,Informational_Duration,11,28,281,3,1,3,-1,0.03571428571428571,0.035714285714285705,16.5,20.4,25,1626,0.015375153751537515
onlineshoppers,Informational_Duration,12,26,311,2,1,1,-1,0.03846153846153847,0.03846153846153846,23.0,23.31578947368421,26,1668,0.015587529976019185
onlineshoppers,Informational_Duration,13,27,292,3,1,2,-1,0.037037037037037035,0.037037037037037035,18.0,20.3,30,1658,0.018094089264173704
onlineshoppers,Informational_Duration,14,27,317,3,1,1,-1,0.03703703703703704,0.037037037037037035,17.0,21.894736842105264,26,1800,0.014444444444444444
onlineshoppers,Informational_Duration,15,26,263,3,1,2,-1,0.038461538461538464,0.03846153846153847,13.0,18.941176470588236,27,1674,0.016129032258064516
onlineshoppers,Informational_Duration,16,28,331,3,1,3,-1,0.03571428571428571,0.03571428571428571,27.0,24.714285714285715,29,1866,0.015541264737406217
onlineshoppers,Informational_Duration,17,28,329,3,1,2,-1,0.03571428571428571,0.03571428571428571,19.0,23.157894736842106,29,1964,0.014765784114052953
onlineshoppers,Informational_Duration,18,27,320,3,1,1,-1,0.037037037037037035,0.03703703703703704,21.0,22.90909090909091,29,1820,0.015934065934065933
onlineshoppers,Informational_Duration,19,26,305,2,1,1,-1,0.038461538461538464,0.038461538461538464,26.0,23.842105263157894,29,1774,0.016347237880496055
onlineshoppers,Informational_Duration,20,26,316,2,1,1,-1,0.038461538461538464,0.03846153846153845,26.0,24.38095238095238,26,1720,0.015116279069767442
onlineshoppers,Informational_Duration,21,27,289,3,1,1,-1,0.03703703703703704,0.037037037037037035,17.0,19.1,24,1598,0.015018773466833541
onlineshoppers,Informational_Duration,22,28,303,3,1,1,-1,0.03571428571428572,0.03571428571428571,22.0,22.470588235294116,28,1742,0.016073478760045924
onlineshoppers,Informational_Duration,23,27,290,3,1,2,-1,0.037037037037037035,0.03703703703703704,27.0,23.473684210526315,25,1772,0.014108352144469526
onlineshoppers,Informational_Duration,24,26,335,2,1,1,-1,0.03846153846153846,0.03846153846153845,22.0,24.105263157894736,36,1638,0.02197802197802198
onlineshoppers,Informational_Duration,25,27,339,3,1,2,-1,0.037037037037037035,0.037037037037037035,24.0,22.88888888888889,26,1830,0.014207650273224045
onlineshoppers,Informational_Duration,26,27,282,3,1,3,-1,0.03703703703703704,0.037037037037037035,18.0,17.94736842105263,26,1738,0.014959723820483314
onlineshoppers,Informational_Duration,27,28,313,3,1,1,-1,0.03571428571428571,0.03571428571428571,21.0,22.09090909090909,30,1616,0.018564356435643563
onlineshoppers,Informational_Duration,28,28,313,3,1,2,-1,0.03571428571428571,0.03571428571428571,26.5,23.944444444444443,30,1776,0.016891891891891893
onlineshoppers,Informational_Duration,29,28,313,3,1,1,-1,0.035714285714285705,0.03571428571428571,20.5,22.916666666666668,26,1726,0.015063731170336037
onlineshoppers,Informational_Duration,30,27,307,2,1,1,-1,0.03703703703703704,0.037037037037037035,18.5,21.227272727272727,27,1608,0.016791044776119403
onlineshoppers,Informational_Duration,31,27,312,3,1,1,-1,0.037037037037037035,0.037037037037037035,20.0,21.55,24,1844,0.013015184381778741
onlineshoppers,Informational_Duration,32,26,317,2,1,1,-1,0.03846153846153846,0.03846153846153846,21.5,23.6,25,1652,0.01513317191283293
onlineshoppers,Informational_Duration,33,27,324,3,1,2,-1,0.03703703703703704,0.037037037037037035,22.0,23.842105263157894,29,1766,0.01642129105322763
onlineshoppers,Informational_Duration,34,26,302,2,1,2,-1,0.03846153846153846,0.03846153846153847,23.0,21.90909090909091,30,1728,0.017361111111111112
onlineshoppers,Informational_Duration,35,26,292,3,1,2,-1,0.038461538461538464,0.03846153846153846,28.5,24.5,28,1766,0.015855039637599093
onlineshoppers,Informational_Duration,36,27,342,3,1,1,-1,0.037037037037037035,0.037037037037037035,24.0,24.44,29,1800,0.01611111111111111
onlineshoppers,Informational_Duration,37,27,320,3,1,2,-1,0.037037037037037035,0.037037037037037035,24.0,23.545454545454547,24,1910,0.012565445026178011
onlineshoppers,Informational_Duration,38,26,319,2,1,1,-1,0.03846153846153847,0.03846153846153846,30.0,26.071428571428573,26,1674,0.015531660692951015
onlineshoppers,Informational_Duration,39,27,330,3,1,1,-1,0.037037037037037035,0.037037037037037035,20.0,23.35,26,1850,0.014054054054054054
onlineshoppers,Informational_Duration,40,26,297,3,1,1,-1,0.03846153846153845,0.03846153846153846,23.0,23.263157894736842,26,1654,0.015719467956469165
onlineshoppers,Informational_Duration,41,27,318,3,1,1,-1,0.037037037037037035,0.037037037037037056,21.5,23.09090909090909,29,1590,0.018238993710691823
onlineshoppers,Informational_Duration,42,27,327,3,1,1,-1,0.03703703703703703,0.037037037037037035,27.0,24.40909090909091,26,1886,0.013785790031813362
onlineshoppers,Informational_Duration,43,28,312,3,1,1,-1,0.03571428571428571,0.03571428571428571,21.0,21.77777777777778,27,1570,0.017197452229299363
onlineshoppers,Informational_Duration,44,27,289,3,1,2,-1,0.03703703703703704,0.037037037037037035,27.0,22.11111111111111,27,1732,0.01558891454965358
onlineshoppers,Informational_Duration,45,26,332,2,1,1,-1,0.038461538461538464,0.038461538461538464,29.0,25.473684210526315,28,1754,0.01596351197263398
onlineshoppers,Informational_Duration,46,28,296,3,1,1,-1,0.03571428571428571,0.03571428571428571,17.0,21.08695652173913,26,1540,0.016883116883116882
onlineshoppers,Informational_Duration,47,28,283,3,1,4,-1,0.03571428571428571,0.03571428571428571,20.5,20.6,26,1616,0.01608910891089109
onlineshoppers,Informational_Duration,48,26,334,2,1,1,-1,0.038461538461538464,0.03846153846153846,24.0,24.6,25,1728,0.014467592592592593
onlineshoppers,Informational_Duration,49,27,298,3,1,1,-1,0.037037037037037035,0.03703703703703704,22.5,22.25,29,1700,0.017058823529411765
onlineshoppers,Informational_Duration,50,27,329,3,1,1,-1,0.03703703703703704,0.03703703703703704,22.0,23.80952380952381,24,1900,0.01263157894736842
onlineshoppers,Informational_Duration,51,27,329,3,1,2,-1,0.037037037037037035,0.03703703703703702,26.5,25.65,27,1688,0.015995260663507108
onlineshoppers,Informational_Duration,52,26,300,3,1,1,-1,0.038461538461538464,0.038461538461538464,27.0,23.727272727272727,28,1618,0.0173053152039555
onlineshoppers,Informational_Duration,53,28,334,3,1,1,-1,0.03571428571428571,0.035714285714285705,27.5,23.95,24,1780,0.01348314606741573
onlineshoppers,Informational_Duration,54,26,341,2,1,2,-1,0.03846153846153847,0.038461538461538464,27.0,26.05,26,1864,0.013948497854077254
onlineshoppers,Informational_Duration,55,27,292,3,1,1,-1,0.037037037037037056,0.037037037037037035,18.5,20.35,32,1622,0.01972872996300863
onlineshoppers,Informational_Duration,56,27,319,3,1,1,-1,0.037037037037037035,0.03703703703703704,24.5,23.9,30,1810,0.016574585635359115
onlineshoppers,Informational_Duration,57,28,313,3,1,1,-1,0.03571428571428572,0.03571428571428571,20.0,22.82608695652174,25,1766,0.014156285390713477
onlineshoppers,Informational_Duration,58,26,316,3,1,2,-1,0.038461538461538464,0.03846153846153846,24.0,24.857142857142858,29,1686,0.01720047449584816
onlineshoppers,Informational_Duration,59,27,293,3,1,1,-1,0.037037037037037035,0.03703703703703704,16.5,19.6,26,1660,0.01566265060240964
onlineshoppers,Informational_Duration,60,28,306,3,1,1,-1,0.03571428571428571,0.03571428571428571,22.0,22.904761904761905,23,1706,0.013481828839390387
onlineshoppers,Informational_Duration,61,27,319,3,1,1,-1,0.037037037037037035,0.037037037037037035,27.0,24.789473684210527,23,1856,0.012392241379310345
onlineshoppers,Informational_Duration,62,27,324,2,1,1,-1,0.037037037037037035,0.037037037037037035,20.5,22.15,24,1728,0.013888888888888888
onlineshoppers,Informational_Duration,63,27,302,3,1,1,-1,0.037037037037037035,0.037037037037037035,24.0,22.35,31,1648,0.018810679611650484
onlineshoppers,Informational_Duration,64,28,355,3,1,1,-1,0.03571428571428571,0.03571428571428572,27.5,25.772727272727273,27,1784,0.015134529147982063
onlineshoppers,Informational_Duration,65,27,319,2,1,1,-1,0.037037037037037035,0.03703703703703704,26.0,24.73913043478261,28,1848,0.015151515151515152
onlineshoppers,Informational_Duration,66,27,292,3,1,2,-1,0.03703703703703704,0.03703703703703704,20.5,21.272727272727273,26,1646,0.015795868772782502
onlineshoppers,Informational_Duration,67,27,312,3,1,1,-1,0.037037037037037035,0.037037037037037035,21.0,22.227272727272727,23,1632,0.014093137254901961
onlineshoppers,Informational_Duration,68,27,326,3,1,1,-1,0.037037037037037035,0.03703703703703704,27.0,25.6,28,1662,0.01684717208182912
onlineshoppers,Informational_Duration,69,27,344,2,1,1,-1,0.03703703703703704,0.03703703703703704,25.5,23.666666666666668,28,1780,0.015730337078651686
onlineshoppers,Informational_Duration,70,28,341,3,1,2,-1,0.03571428571428571,0.035714285714285705,24.0,23.347826086956523,27,1822,0.014818880351262349
onlineshoppers,Informational_Duration,71,26,318,3,1,2,-1,0.03846153846153846,0.03846153846153847,20.5,22.38888888888889,25,1738,0.014384349827387802
onlineshoppers,Informational_Duration,72,26,332,3,1,1,-1,0.038461538461538464,0.03846153846153845,25.5,24.9,24,1794,0.013377926421404682
onlineshoppers,Informational_Duration,73,27,317,2,1,1,-1,0.037037037037037035,0.037037037037037035,23.0,23.047619047619047,30,1786,0.0167973124300112
onlineshoppers,Informational_Duration,74,26,318,3,1,2,-1,0.03846153846153847,0.03846153846153846,24.0,24.263157894736842,26,1846,0.014084507042253521
onlineshoppers,Informational_Duration,75,27,329,2,1,1,-1,0.037037037037037035,0.037037037037037035,22.0,23.142857142857142,31,1878,0.01650692225772098
onlineshoppers,Informational_Duration,76,28,309,3,1,2,-1,0.03571428571428571,0.03571428571428571,22.5,21.73076923076923,31,1638,0.018925518925518924
onlineshoppers,Informational_Duration,77,27,309,3,1,2,-1,0.03703703703703704,0.037037037037037035,25.5,23.7,25,1736,0.014400921658986175
onlineshoppers,Informational_Duration,78,27,309,3,1,1,-1,0.037037037037037035,0.037037037037037035,18.0,21.1,28,1710,0.016374269005847954
onlineshoppers,Informational_Duration,79,28,322,3,1,1,-1,0.03571428571428572,0.03571428571428571,26.0,23.0,30,1686,0.017793594306049824
onlineshoppers,Informational_Duration,80,27,329,3,1,1,-1,0.037037037037037035,0.03703703703703703,28.0,25.842105263157894,26,1656,0.01570048309178744
onlineshoppers,Informational_Duration,81,28,350,3,1,1,-1,0.03571428571428571,0.03571428571428572,20.5,23.75,31,1686,0.018386714116251483
onlineshoppers,Informational_Duration,82,26,300,3,1,2,-1,0.03846153846153846,0.03846153846153846,29.0,23.894736842105264,24,1738,0.01380897583429229
onlineshoppers,Informational_Duration,83,26,326,2,1,1,-1,0.038461538461538464,0.03846153846153845,27.0,25.05,23,1732,0.013279445727482679
onlineshoppers,Informational_Duration,84,28,349,3,1,2,-1,0.035714285714285705,0.03571428571428571,26.0,25.58823529411765,29,1988,0.014587525150905433
onlineshoppers,Informational_Duration,85,28,340,3,1,1,-1,0.03571428571428572,0.03571428571428571,21.5,23.88888888888889,23,1814,0.012679162072767364
onlineshoppers,Informational_Duration,86,27,307,3,1,2,-1,0.037037037037037035,0.03703703703703704,29.0,24.142857142857142,30,1890,0.015873015873015872
onlineshoppers,Informational_Duration,87,27,326,3,1,1,-1,0.037037037037037035,0.037037037037037035,26.0,25.05,29,1646,0.01761846901579587
onlineshoppers,Informational_Duration,88,28,309,3,1,1,-1,0.035714285714285705,0.03571428571428571,21.0,20.61904761904762,29,1756,0.01651480637813212
onlineshoppers,Informational_Duration,89,26,315,3,1,1,-1,0.03846153846153846,0.038461538461538464,28.5,24.35,25,1642,0.015225334957369063
onlineshoppers,Informational_Duration,90,27,338,3,1,2,-1,0.03703703703703704,0.037037037037037035,27.5,25.7,25,1930,0.012953367875647668
onlineshoppers,Informational_Duration,91,26,293,3,1,2,-1,0.03846153846153847,0.03846153846153846,25.0,22.652173913043477,26,1696,0.015330188679245283
onlineshoppers,Informational_Duration,92,26,326,2,1,1,-1,0.03846153846153846,0.038461538461538464,25.0,25.181818181818183,29,1862,0.015574650912996778
onlineshoppers,Informational_Duration,93,26,332,2,1,1,-1,0.03846153846153847,0.03846153846153846,23.0,24.8,25,1832,0.013646288209606987
onlineshoppers,Informational_Duration,94,26,304,3,1,1,-1,0.038461538461538464,0.03846153846153846,19.5,22.85,34,1696,0.020047169811320754
onlineshoppers,Informational_Duration,95,27,322,3,1,1,-1,0.03703703703703703,0.037037037037037035,26.0,24.47826086956522,25,1698,0.014723203769140165
onlineshoppers,Informational_Duration,96,26,283,3,1,2,-1,0.038461538461538464,0.038461538461538464,20.5,21.11111111111111,28,1768,0.01583710407239819
onlineshoppers,Informational_Duration,97,28,322,3,1,1,-1,0.03571428571428571,0.03571428571428571,29.0,24.0,30,1856,0.016163793103448277
onlineshoppers,Informational_Duration,98,28,337,2,1,1,-1,0.03571428571428572,0.03571428571428571,21.5,24.136363636363637,25,1614,0.015489467162329617
onlineshoppers,Informational_Duration,99,26,318,3,1,2,-1,0.038461538461538464,0.038461538461538464,21.0,21.823529411764707,26,1728,0.015046296296296295
onlineshoppers,Informational_Duration,100,26,293,2,1,1,-1,0.03846153846153845,0.038461538461538464,25.5,22.65,22,1634,0.01346389228886169
onlineshoppers,Informational_Duration,101,27,334,3,1,1,-1,0.037037037037037035,0.03703703703703703,22.5,24.25,27,1780,0.015168539325842697
onlineshoppers,Informational_Duration,102,27,288,3,1,2,-1,0.037037037037037035,0.03703703703703703,24.5,22.454545454545453,29,1676,0.017303102625298328
onlineshoppers,Informational_Duration,103,27,308,3,1,1,-1,0.037037037037037035,0.03703703703703703,22.5,22.6,27,1696,0.015919811320754717
onlineshoppers,Informational_Duration,104,27,357,3,1,2,-1,0.037037037037037035,0.037037037037037035,31.5,27.954545454545453,29,1820,0.015934065934065933
onlineshoppers,Informational_Duration,105,28,348,3,1,1,-1,0.03571428571428571,0.03571428571428571,22.0,24.238095238095237,23,1838,0.012513601741022852
onlineshoppers,Informational_Duration,106,26,343,2,1,1,-1,0.03846153846153847,0.038461538461538464,25.5,24.444444444444443,26,1774,0.014656144306651634
onlineshoppers,Informational_Duration,107,27,289,3,1,2,-1,0.037037037037037035,0.037037037037037035,24.5,21.75,26,1584,0.016414141414141416
onlineshoppers,Informational_Duration,108,26,299,3,1,1,-1,0.038461538461538464,0.038461538461538464,29.5,25.0,24,1658,0.014475271411338963
onlineshoppers,Informational_Duration,109,27,330,3,1,1,-1,0.037037037037037035,0.03703703703703703,24.5,24.681818181818183,28,1748,0.016018306636155607
onlineshoppers,Informational_Duration,110,28,312,3,1,3,-1,0.03571428571428571,0.03571428571428571,27.5,23.7,24,1744,0.013761467889908258
onlineshoppers,Informational_Duration,111,26,291,3,1,2,-1,0.03846153846153847,0.03846153846153845,25.0,21.789473684210527,30,1496,0.020053475935828877
onlineshoppers,Informational_Duration,112,27,319,3,1,1,-1,0.03703703703703704,0.03703703703703703,21.0,22.571428571428573,30,1874,0.016008537886873
onlineshoppers,Informational_Duration,113,28,333,3,1,1,-1,0.03571428571428571,0.03571428571428571,25.0,22.526315789473685,23,1760,0.013068181818181817
onlineshoppers,Informational_Duration,114,28,304,3,1,2,-1,0.03571428571428572,0.03571428571428571,27.0,23.55,29,1860,0.015591397849462365
onlineshoppers,Informational_Duration,115,27,300,3,1,2,-1,0.037037037037037035,0.037037037037037035,27.0,23.38095238095238,23,1644,0.013990267639902677
onlineshoppers,Informational_Duration,116,26,301,3,1,2,-1,0.03846153846153846,0.03846153846153846,22.5,23.3,25,1762,0.014188422247446084
onlineshoppers,Informational_Duration,117,27,318,2,1,1,-1,0.037037037037037035,0.037037037037037035,20.0,23.761904761904763,27,1800,0.015
onlineshoppers,Informational_Duration,118,27,330,3,1,2,-1,0.037037037037037035,0.037037037037037035,25.0,24.695652173913043,25,1852,0.013498920086393088
onlineshoppers,Informational_Duration,119,26,301,3,1,2,-1,0.038461538461538464,0.03846153846153847,20.0,22.19047619047619,29,1744,0.016628440366972478
onlineshoppers,Informational_Duration,120,26,310,2,1,1,-1,0.03846153846153846,0.038461538461538464,26.5,24.5,26,1660,0.01566265060240964
onlineshoppers,Informational_Duration,121,27,322,3,1,1,-1,0.037037037037037035,0.03703703703703704,23.0,23.608695652173914,27,1706,0.015826494724501757
onlineshoppers,Informational_Duration,122,28,343,3,1,1,-1,0.03571428571428572,0.03571428571428571,25.0,25.0,25,1832,0.013646288209606987
onlineshoppers,Informational_Duration,123,27,327,3,1,1,-1,0.03703703703703704,0.037037037037037035,27.5,25.1,27,1704,0.01584507042253521
onlineshoppers,Informational_Duration,124,26,332,3,1,1,-1,0.03846153846153846,0.038461538461538464,25.5,24.454545454545453,31,1946,0.01593011305241521
onlineshoppers,Informational_Duration,125,26,313,2,1,1,-1,0.03846153846153845,0.038461538461538464,22.0,23.05263157894737,27,1774,0.015219842164599774
onlineshoppers,Informational_Duration,126,27,287,3,1,2,-1,0.037037037037037035,0.037037037037037035,18.0,20.523809523809526,27,1642,0.016443361753958587
onlineshoppers,Informational_Duration,127,26,311,2,1,1,-1,0.03846153846153847,0.03846153846153846,26.5,24.05,25,1690,0.014792899408284023
onlineshoppers,Informational_Duration,128,26,315,3,1,1,-1,0.03846153846153846,0.03846153846153845,25.5,24.5,28,1930,0.014507772020725389
onlineshoppers,Informational_Duration,129,26,298,3,1,1,-1,0.03846153846153846,0.038461538461538464,21.5,22.928571428571427,29,1662,0.017448856799037304
onlineshoppers,Informational_Duration,130,27,322,2,1,1,-1,0.03703703703703704,0.03703703703703704,26.0,24.565217391304348,30,1746,0.01718213058419244
onlineshoppers,Informational_Duration,131,27,300,3,1,1,-1,0.03703703703703704,0.03703703703703704,26.0,22.545454545454547,27,1682,0.01605231866825208
onlineshoppers,Informational_Duration,132,26,323,2,1,1,-1,0.038461538461538464,0.03846153846153846,29.0,24.95,27,1612,0.016749379652605458
onlineshoppers,Informational_Duration,133,27,313,3,1,2,-1,0.03703703703703704,0.037037037037037035,29.0,23.35,30,1906,0.015739769150052464
onlineshoppers,Informational_Duration,134,27,312,3,1,1,-1,0.03703703703703704,0.03703703703703704,27.5,23.772727272727273,25,1682,0.014863258026159334
onlineshoppers,Informational_Duration,135,27,308,3,1,3,-1,0.03703703703703704,0.037037037037037035,28.0,23.42105263157895,33,1790,0.018435754189944135
onlineshoppers,Informational_Duration,136,27,359,3,1,1,-1,0.037037037037037035,0.03703703703703704,23.0,24.238095238095237,28,1914,0.014629049111807733
onlineshoppers,Informational_Duration,137,27,333,3,1,1,-1,0.03703703703703703,0.037037037037037035,22.5,22.27777777777778,26,2012,0.012922465208747515
onlineshoppers,Informational_Duration,138,27,306,3,1,2,-1,0.03703703703703704,0.037037037037037035,27.0,23.736842105263158,27,1614,0.016728624535315983
onlineshoppers,Informational_Duration,139,28,345,3,1,1,-1,0.03571428571428571,0.03571428571428572,24.0,25.105263157894736,36,1956,0.018404907975460124
onlineshoppers,Informational_Duration,140,27,338,2,1,1,-1,0.03703703703703703,0.03703703703703703,27.0,25.5,27,1760,0.01534090909090909
onlineshoppers,Informational_Duration,141,28,321,3,1,1,-1,0.035714285714285705,0.03571428571428572,20.0,22.42105263157895,25,1684,0.014845605700712588
onlineshoppers,Informational_Duration,142,26,332,2,1,1,-1,0.038461538461538464,0.03846153846153847,26.5,25.22222222222222,26,1846,0.014084507042253521
onlineshoppers,Informational_Duration,143,27,324,3,1,1,-1,0.037037037037037035,0.037037037037037035,25.0,25.3,30,1880,0.015957446808510637
onlineshoppers,Informational_Duration,144,28,338,3,1,1,-1,0.03571428571428571,0.03571428571428572,26.5,24.458333333333332,23,1722,0.013356562137049941
onlineshoppers,Informational_Duration,145,28,328,3,1,1,-1,0.035714285714285705,0.03571428571428571,28.0,25.523809523809526,29,1728,0.01678240740740741
onlineshoppers,Informational_Duration,146,27,284,3,1,2,-1,0.037037037037037035,0.03703703703703704,25.0,22.142857142857142,28,1702,0.01645123384253819
onlineshoppers,Informational_Duration,147,27,298,3,1,2,-1,0.037037037037037035,0.037037037037037035,16.0,20.15,28,1584,0.017676767676767676
onlineshoppers,Informational_Duration,148,25,292,3,1,2,-1,0.04,0.04,22.5,22.15,27,1728,0.015625
onlineshoppers,Informational_Duration,149,27,326,3,1,1,-1,0.037037037037037035,0.037037037037037035,22.5,23.7,27,1804,0.014966740576496674
onlineshoppers,Informational_Duration,150,28,340,3,1,3,-1,0.03571428571428571,0.03571428571428572,20.0,22.6,29,1716,0.0168997668997669
onlineshoppers,Informational_Duration,151,28,334,3,1,1,-1,0.035714285714285705,0.035714285714285705,25.0,23.428571428571427,25,1706,0.014654161781946073
onlineshoppers,Informational_Duration,152,26,343,3,1,2,-1,0.038461538461538464,0.03846153846153846,30.0,26.63157894736842,29,2068,0.01402321083172147
onlineshoppers,Informational_Duration,153,27,292,3,1,2,-1,0.037037037037037035,0.037037037037037035,20.0,21.55,26,1722,0.015098722415795587
onlineshoppers,Informational_Duration,154,28,316,3,1,1,-1,0.03571428571428571,0.03571428571428571,24.5,22.818181818181817,25,1628,0.015356265356265357
onlineshoppers,Informational_Duration,155,27,278,3,1,2,-1,0.037037037037037035,0.03703703703703704,25.0,22.68421052631579,27,1706,0.015826494724501757
onlineshoppers,Informational_Duration,156,28,303,3,1,2,-1,0.03571428571428571,0.03571428571428571,18.0,20.857142857142858,28,1716,0.016317016317016316
onlineshoppers,Informational_Duration,157,28,345,3,1,2,-1,0.035714285714285705,0.03571428571428572,21.0,24.0,29,1690,0.017159763313609466
onlineshoppers,Informational_Duration,158,27,343,3,1,1,-1,0.037037037037037035,0.03703703703703704,28.5,25.9,28,1766,0.015855039637599093
onlineshoppers,Informational_Duration,159,27,299,3,1,1,-1,0.03703703703703704,0.03703703703703703,18.0,21.68421052631579,27,1714,0.01575262543757293
onlineshoppers,Informational_Duration,160,26,341,2,1,1,-1,0.03846153846153846,0.038461538461538464,27.5,26.55,31,1888,0.01641949152542373
onlineshoppers,Informational_Duration,161,28,300,3,1,2,-1,0.03571428571428572,0.03571428571428571,23.0,22.285714285714285,26,1742,0.014925373134328358
onlineshoppers,Informational_Duration,162,27,308,3,1,1,-1,0.03703703703703704,0.037037037037037035,24.0,21.94736842105263,26,1666,0.015606242496998799
onlineshoppers,Informational_Duration,163,28,296,3,1,2,-1,0.03571428571428571,0.03571428571428571,16.5,19.95,26,1692,0.015366430260047281
onlineshoppers,Informational_Duration,164,28,314,3,1,2,-1,0.03571428571428571,0.03571428571428572,24.0,22.952380952380953,25,1898,0.013171759747102213
onlineshoppers,Informational_Duration,165,28,307,3,1,1,-1,0.03571428571428571,0.03571428571428571,24.5,24.09090909090909,25,1640,0.01524390243902439
onlineshoppers,Informational_Duration,166,28,333,3,1,1,-1,0.03571428571428571,0.035714285714285705,28.0,25.904761904761905,28,1904,0.014705882352941176
onlineshoppers,Informational_Duration,167,28,324,3,1,3,-1,0.03571428571428571,0.03571428571428571,22.0,22.727272727272727,25,1768,0.01414027149321267
onlineshoppers,Informational_Duration,168,26,321,3,1,1,-1,0.03846153846153846,0.03846153846153846,26.0,23.57894736842105,27,1744,0.01548165137614679
onlineshoppers,Informational_Duration,169,27,326,3,1,2,-1,0.037037037037037035,0.037037037037037035,19.0,23.63157894736842,24,1942,0.012358393408856848
onlineshoppers,Informational_Duration,170,27,308,3,1,1,-1,0.03703703703703704,0.037037037037037035,25.0,24.142857142857142,29,1636,0.017726161369193152
onlineshoppers,Informational_Duration,171,28,297,3,1,2,-1,0.035714285714285705,0.03571428571428571,24.0,20.761904761904763,31,1984,0.015625
onlineshoppers,Informational_Duration,172,27,325,3,1,1,-1,0.037037037037037035,0.037037037037037035,27.0,24.22222222222222,24,1800,0.013333333333333334
onlineshoppers,Informational_Duration,173,26,298,3,1,2,-1,0.03846153846153846,0.03846153846153847,22.0,22.526315789473685,26,1730,0.015028901734104046
onlineshoppers,Informational_Duration,174,27,328,3,1,1,-1,0.037037037037037035,0.037037037037037035,26.5,24.35,24,1752,0.0136986301369863
onlineshoppers,Informational_Duration,175,27,309,3,1,1,-1,0.03703703703703703,0.037037037037037035,26.0,22.818181818181817,26,1720,0.015116279069767442
onlineshoppers,Informational_Duration,176,26,305,2,1,1,-1,0.038461538461538464,0.03846153846153846,29.0,25.428571428571427,32,1642,0.0194884287454324
onlineshoppers,Informational_Duration,177,26,312,2,1,1,-1,0.03846153846153847,0.03846153846153846,29.0,25.0,25,1596,0.015664160401002505
onlineshoppers,Informational_Duration,178,27,338,2,1,1,-1,0.037037037037037035,0.037037037037037035,22.5,24.35,25,1858,0.013455328310010764
onlineshoppers,Informational_Duration,179,27,336,2,1,1,-1,0.03703703703703704,0.03703703703703704,24.0,24.59090909090909,29,1796,0.016146993318485525
onlineshoppers,Informational_Duration,180,28,348,3,1,1,-1,0.035714285714285705,0.03571428571428571,24.5,24.35,32,1896,0.016877637130801686
onlineshoppers,Informational_Duration,181,27,339,3,1,1,-1,0.037037037037037035,0.03703703703703704,22.5,22.954545454545453,31,1738,0.017836593785960874
onlineshoppers,Informational_Duration,182,28,319,3,1,1,-1,0.03571428571428572,0.03571428571428571,20.5,22.5,27,1598,0.016896120150187734
onlineshoppers,Informational_Duration,183,26,321,3,1,2,-1,0.038461538461538464,0.03846153846153846,27.0,24.75,24,1692,0.014184397163120567
onlineshoppers,Informational_Duration,184,26,314,3,1,2,-1,0.03846153846153847,0.038461538461538464,21.5,22.22222222222222,29,1866,0.015541264737406217
onlineshoppers,Informational_Duration,185,28,315,3,1,1,-1,0.03571428571428572,0.03571428571428571,24.5,23.833333333333332,30,1670,0.017964071856287425
onlineshoppers,Informational_Duration,186,26,302,2,1,1,-1,0.03846153846153847,0.03846153846153846,22.0,23.058823529411764,27,1568,0.01721938775510204
onlineshoppers,Informational_Duration,187,27,328,2,1,1,-1,0.037037037037037035,0.037037037037037035,21.0,23.347826086956523,26,1980,0.013131313131313131
onlineshoppers,Informational_Duration,188,26,290,3,1,1,-1,0.03846153846153847,0.03846153846153847,26.0,23.68421052631579,25,1672,0.014952153110047847
onlineshoppers,Informational_Duration,189,28,310,3,1,1,-1,0.03571428571428571,0.03571428571428571,22.5,23.3,36,1956,0.018404907975460124
onlineshoppers,Informational_Duration,190,27,328,2,1,1,-1,0.03703703703703703,0.037037037037037035,26.0,24.857142857142858,24,1686,0.014234875444839857
onlineshoppers,Informational_Duration,191,26,313,2,1,1,-1,0.03846153846153845,0.038461538461538464,27.0,25.4,24,1664,0.014423076923076924
onlineshoppers,Informational_Duration,192,26,311,3,1,1,-1,0.03846153846153846,0.03846153846153846,21.0,22.263157894736842,29,1630,0.017791411042944787
onlineshoppers,Informational_Duration,193,28,343,3,1,1,-1,0.03571428571428572,0.03571428571428571,22.5,22.09090909090909,31,1978,0.015672396359959553
onlineshoppers,Informational_Duration,194,25,319,3,1,2,-1,0.04,0.04,22.5,24.272727272727273,35,1836,0.01906318082788671
onlineshoppers,Informational_Duration,195,28,354,3,1,1,-1,0.03571428571428571,0.03571428571428572,21.0,24.333333333333332,26,1932,0.013457556935817806
onlineshoppers,Informational_Duration,196,27,348,2,1,1,-1,0.03703703703703704,0.037037037037037035,26.0,25.55,25,1794,0.013935340022296544
onlineshoppers,Informational_Duration,197,28,357,3,1,1,-1,0.03571428571428571,0.03571428571428571,26.0,24.875,26,1834,0.014176663031624863
onlineshoppers,Informational_Duration,198,27,296,3,1,1,-1,0.037037037037037035,0.037037037037037056,26.0,23.058823529411764,28,1620,0.01728395061728395
onlineshoppers,Informational_Duration,199,28,342,3,1,2,-1,0.03571428571428571,0.03571428571428571,24.0,24.304347826086957,27,1820,0.014835164835164835
onlineshoppers,Informational_Duration,200,28,295,3,1,2,-1,0.03571428571428571,0.03571428571428571,25.5,22.65,27,1634,0.016523867809057527
onlineshoppers,Informational_Duration,201,27,341,3,1,2,-1,0.037037037037037035,0.037037037037037035,27.0,25.19047619047619,27,1656,0.016304347826086956
onlineshoppers,Informational_Duration,202,27,313,2,1,1,-1,0.03703703703703704,0.037037037037037035,23.5,24.2,27,1666,0.016206482593037214
onlineshoppers,Informational_Duration,203,26,279,3,1,2,-1,0.03846153846153846,0.03846153846153847,23.5,21.3,26,1724,0.015081206496519721
onlineshoppers,Informational_Duration,204,28,352,3,1,1,-1,0.03571428571428571,0.03571428571428572,21.0,24.142857142857142,25,1806,0.013842746400885935
onlineshoppers,Informational_Duration,205,28,281,3,1,2,-1,0.03571428571428571,0.03571428571428571,26.0,21.105263157894736,27,1744,0.01548165137614679
onlineshoppers,Informational_Duration,206,27,328,3,1,1,-1,0.03703703703703703,0.037037037037037035,26.5,24.7,25,1852,0.013498920086393088
onlineshoppers,Informational_Duration,207,28,299,3,1,3,-1,0.03571428571428573,0.03571428571428571,25.5,22.7,27,1754,0.01539338654503991
onlineshoppers,Informational_Duration,208,28,335,3,1,2,-1,0.03571428571428571,0.03571428571428571,25.0,23.08695652173913,27,1724,0.015661252900232018
onlineshoppers,Informational_Duration,209,27,336,3,1,1,-1,0.037037037037037035,0.037037037037037035,27.0,24.285714285714285,28,1706,0.016412661195779603
onlineshoppers,Informational_Duration,210,28,320,3,1,1,-1,0.03571428571428571,0.03571428571428571,22.0,22.19047619047619,30,1930,0.015544041450777202
onlineshoppers,Informational_Duration,211,28,273,3,1,1,-1,0.03571428571428572,0.03571428571428571,20.5,19.88888888888889,25,1626,0.015375153751537515
onlineshoppers,Informational_Duration,212,27,292,3,1,2,-1,0.03703703703703704,0.037037037037037035,15.0,19.210526315789473,27,1602,0.016853932584269662
onlineshoppers,Informational_Duration,213,27,337,3,1,1,-1,0.037037037037037035,0.037037037037037035,27.5,25.4,26,1904,0.01365546218487395
onlineshoppers,Informational_Duration,214,28,309,3,1,1,-1,0.035714285714285705,0.03571428571428571,26.5,23.15,24,1614,0.01486988847583643
onlineshoppers,Informational_Duration,215,26,294,3,1,3,-1,0.038461538461538464,0.03846153846153847,26.0,23.55,25,1792,0.013950892857142858
onlineshoppers,Informational_Duration,216,27,321,2,1,1,-1,0.037037037037037035,0.037037037037037035,27.0,25.0,27,1782,0.015151515151515152
onlineshoppers,Informational_Duration,217,26,351,2,1,1,-1,0.03846153846153847,0.03846153846153846,27.0,26.789473684210527,26,1790,0.01452513966480447
onlineshoppers,Informational_Duration,218,28,333,3,1,1,-1,0.03571428571428572,0.03571428571428571,22.0,22.1,26,1830,0.014207650273224045
onlineshoppers,Informational_Duration,219,26,314,2,1,1,-1,0.038461538461538464,0.03846153846153846,25.5,26.2,26,1694,0.015348288075560802
onlineshoppers,Informational_Duration,220,27,300,3,1,1,-1,0.037037037037037035,0.03703703703703703,22.0,21.36842105263158,27,1670,0.016167664670658683
onlineshoppers,Informational_Duration,221,26,306,2,1,1,-1,0.03846153846153848,0.038461538461538464,21.0,21.857142857142858,28,1696,0.01650943396226415
onlineshoppers,Informational_Duration,222,28,287,3,1,3,-1,0.03571428571428572,0.035714285714285705,21.5,20.55,27,1574,0.017153748411689963
onlineshoppers,Informational_Duration,223,27,309,3,1,1,-1,0.037037037037037035,0.037037037037037035,19.0,21.88235294117647,26,1676,0.015513126491646777
onlineshoppers,Informational_Duration,224,27,314,3,1,1,-1,0.03703703703703703,0.037037037037037035,25.0,23.428571428571427,28,1760,0.015909090909090907
onlineshoppers,Informational_Duration,225,27,299,3,1,1,-1,0.037037037037037035,0.037037037037037035,27.0,22.894736842105264,24,1564,0.015345268542199489
onlineshoppers,Informational_Duration,226,27,297,3,1,3,-1,0.037037037037037035,0.037037037037037035,24.0,24.285714285714285,28,1616,0.017326732673267328
onlineshoppers,Informational_Duration,227,26,311,3,1,2,-1,0.03846153846153846,0.03846153846153846,24.0,23.68421052631579,28,1764,0.015873015873015872
onlineshoppers,Informational_Duration,228,28,294,3,1,1,-1,0.035714285714285705,0.03571428571428572,22.5,21.954545454545453,28,1666,0.01680672268907563
onlineshoppers,Informational_Duration,229,25,294,3,1,2,-1,0.04,0.039999999999999994,25.0,23.05,30,1634,0.01835985312117503
onlineshoppers,Informational_Duration,230,28,349,3,1,1,-1,0.03571428571428571,0.035714285714285705,25.0,23.842105263157894,24,1784,0.013452914798206279
onlineshoppers,Informational_Duration,231,25,304,3,1,2,-1,0.039999999999999994,0.04,23.0,22.88235294117647,28,1820,0.015384615384615385
onlineshoppers,Informational_Duration,232,28,327,3,1,2,-1,0.035714285714285705,0.03571428571428571,29.5,26.55,27,1726,0.015643105446118192
onlineshoppers,Informational_Duration,233,27,294,3,1,3,-1,0.03703703703703704,0.03703703703703704,18.5,19.61111111111111,28,1650,0.01696969696969697
onlineshoppers,Informational_Duration,234,26,323,2,1,1,-1,0.03846153846153847,0.03846153846153846,25.0,24.058823529411764,24,1690,0.014201183431952662
onlineshoppers,Informational_Duration,235,27,299,3,1,2,-1,0.03703703703703704,0.037037037037037035,26.0,22.42105263157895,26,1738,0.014959723820483314
onlineshoppers,Informational_Duration,236,28,331,3,1,1,-1,0.03571428571428571,0.03571428571428571,21.5,23.681818181818183,25,1620,0.015432098765432098
onlineshoppers,Informational_Duration,237,27,294,3,1,2,-1,0.037037037037037035,0.03703703703703704,17.5,20.954545454545453,26,1828,0.014223194748358862
onlineshoppers,Informational_Duration,238,28,309,3,1,1,-1,0.03571428571428571,0.03571428571428571,27.5,24.85,27,1718,0.01571594877764843
onlineshoppers,Informational_Duration,239,28,316,3,1,1,-1,0.03571428571428571,0.03571428571428571,20.0,21.57894736842105,31,1586,0.019546027742749054
onlineshoppers,Informational_Duration,240,26,294,3,1,2,-1,0.03846153846153846,0.03846153846153846,20.0,22.333333333333332,29,1642,0.01766138855054811
onlineshoppers,Informational_Duration,241,27,288,3,1,1,-1,0.037037037037037035,0.03703703703703703,19.0,21.25,26,1660,0.01566265060240964
onlineshoppers,Informational_Duration,242,27,318,3,1,1,-1,0.037037037037037035,0.037037037037037035,26.5,23.136363636363637,31,1674,0.018518518518518517
onlineshoppers,Informational_Duration,243,26,362,2,1,1,-1,0.03846153846153846,0.03846153846153845,27.0,26.105263157894736,26,1936,0.013429752066115703
onlineshoppers,Informational_Duration,244,27,322,3,1,1,-1,0.037037037037037035,0.03703703703703704,22.0,23.476190476190474,27,1728,0.015625
onlineshoppers,Informational_Duration,245,27,333,3,1,2,-1,0.037037037037037035,0.037037037037037035,27.0,25.26086956521739,24,1854,0.012944983818770227
onlineshoppers,Informational_Duration,246,28,301,3,1,1,-1,0.03571428571428571,0.03571428571428571,25.0,23.217391304347824,24,1752,0.0136986301369863
onlineshoppers,Informational_Duration,247,26,301,2,1,1,-1,0.03846153846153845,0.03846153846153847,25.0,23.11764705882353,24,1642,0.014616321559074299
onlineshoppers,Informational_Duration,248,26,307,3,1,1,-1,0.03846153846153846,0.038461538461538464,26.5,24.15,30,1668,0.017985611510791366
onlineshoppers,Informational_Duration,249,27,315,3,1,1,-1,0.037037037037037035,0.037037037037037035,25.5,23.708333333333332,25,1932,0.012939958592132506
onlineshoppers,Informational_Duration,250,26,317,3,1,2,-1,0.03846153846153847,0.038461538461538464,25.0,23.105263157894736,23,1750,0.013142857142857144
onlineshoppers,Informational_Duration,251,27,299,3,1,1,-1,0.037037037037037035,0.037037037037037035,24.0,22.42105263157895,28,1950,0.014358974358974359
onlineshoppers,Informational_Duration,252,26,319,3,1,2,-1,0.038461538461538464,0.038461538461538464,22.0,22.789473684210527,30,1948,0.015400410677618069
onlineshoppers,Informational_Duration,253,26,309,2,1,1,-1,0.038461538461538464,0.03846153846153846,28.0,23.823529411764707,27,1926,0.014018691588785047
onlineshoppers,Informational_Duration,254,28,301,3,1,1,-1,0.03571428571428572,0.03571428571428571,16.0,20.666666666666668,26,1654,0.015719467956469165
onlineshoppers,Informational_Duration,255,28,322,3,1,2,-1,0.03571428571428571,0.03571428571428572,30.5,25.227272727272727,29,1936,0.014979338842975207
onlineshoppers,Informational_Duration,256,26,288,3,1,1,-1,0.038461538461538464,0.038461538461538464,19.0,21.1,26,1582,0.01643489254108723
onlineshoppers,Informational_Duration,257,27,303,3,1,1,-1,0.03703703703703704,0.037037037037037035,23.0,22.789473684210527,28,1606,0.017434620174346202
onlineshoppers,Informational_Duration,258,28,292,3,1,1,-1,0.03571428571428571,0.03571428571428571,17.5,20.555555555555557,30,1758,0.017064846416382253
onlineshoppers,Informational_Duration,259,28,309,3,1,1,-1,0.03571428571428571,0.03571428571428572,27.5,25.1,23,1826,0.012595837897042717
onlineshoppers,Informational_Duration,260,27,318,3,1,1,-1,0.037037037037037035,0.037037037037037035,25.0,23.904761904761905,26,1670,0.015568862275449102
onlineshoppers,Informational_Duration,261,26,308,3,1,2,-1,0.03846153846153847,0.038461538461538464,25.5,23.944444444444443,24,1814,0.013230429988974642
onlineshoppers,Informational_Duration,262,26,320,2,1,1,-1,0.03846153846153846,0.03846153846153846,28.5,26.444444444444443,26,1674,0.015531660692951015
onlineshoppers,Informational_Duration,263,27,328,3,1,1,-1,0.037037037037037035,0.03703703703703704,26.0,24.833333333333332,27,1854,0.014563106796116505
onlineshoppers,Informational_Duration,264,28,324,3,1,1,-1,0.03571428571428572,0.03571428571428572,25.0,24.761904761904763,26,1764,0.01473922902494331
onlineshoppers,Informational_Duration,265,27,343,3,1,2,-1,0.037037037037037035,0.03703703703703704,23.0,24.952380952380953,36,1918,0.018769551616266946
onlineshoppers,Informational_Duration,266,27,326,3,1,1,-1,0.037037037037037035,0.037037037037037035,17.0,21.666666666666668,29,1856,0.015625
onlineshoppers,Informational_Duration,267,27,337,3,1,2,-1,0.037037037037037035,0.037037037037037056,20.0,22.857142857142858,29,2040,0.014215686274509804
onlineshoppers,Informational_Duration,268,28,328,3,1,1,-1,0.035714285714285705,0.03571428571428572,27.5,24.75,26,1838,0.014145810663764961
onlineshoppers,Informational_Duration,269,28,314,3,1,2,-1,0.03571428571428571,0.03571428571428572,24.0,22.666666666666668,25,1706,0.014654161781946073
onlineshoppers,Informational_Duration,270,27,301,3,1,2,-1,0.037037037037037035,0.037037037037037035,26.0,23.157894736842106,26,1906,0.013641133263378805
onlineshoppers,Informational_Duration,271,28,313,3,1,2,-1,0.03571428571428572,0.03571428571428571,25.0,23.043478260869566,25,1826,0.013691128148959474
onlineshoppers,Informational_Duration,272,27,338,2,1,1,-1,0.037037037037037035,0.037037037037037035,19.5,23.05,26,1914,0.013584117032392894
onlineshoppers,Informational_Duration,273,27,320,3,1,3,-1,0.037037037037037035,0.03703703703703704,24.0,22.894736842105264,27,1874,0.0144076840981857
onlineshoppers,Informational_Duration,274,26,318,3,1,2,-1,0.038461538461538464,0.038461538461538464,22.5,23.0,27,1848,0.01461038961038961
onlineshoppers,Informational_Duration,275,27,327,2,1,1,-1,0.03703703703703704,0.03703703703703704,22.0,22.526315789473685,28,1806,0.015503875968992248
onlineshoppers,Informational_Duration,276,27,315,3,1,1,-1,0.037037037037037035,0.037037037037037035,19.5,21.85,28,1922,0.014568158168574402
onlineshoppers,Informational_Duration,277,27,311,3,1,2,-1,0.037037037037037035,0.03703703703703704,23.0,22.26086956521739,24,1566,0.01532567049808429
onlineshoppers,Informational_Duration,278,28,343,3,1,1,-1,0.03571428571428571,0.035714285714285705,20.0,23.80952380952381,27,1900,0.014210526315789474
onlineshoppers,Informational_Duration,279,26,307,3,1,1,-1,0.038461538461538464,0.03846153846153845,23.5,22.55,26,1630,0.015950920245398775
onlineshoppers,Informational_Duration,280,26,342,2,1,1,-1,0.038461538461538464,0.03846153846153846,23.0,25.1,29,1846,0.01570964247020585
onlineshoppers,Informational_Duration,281,27,301,3,1,1,-1,0.03703703703703704,0.03703703703703704,22.0,22.142857142857142,30,1538,0.01950585175552666
onlineshoppers,Informational_Duration,282,26,315,3,1,2,-1,0.038461538461538464,0.038461538461538464,23.0,23.35,28,1880,0.014893617021276596
onlineshoppers,Informational_Duration,283,28,313,3,1,1,-1,0.0357142857142857,0.0357142857142857,19.0,22.333333333333332,27,1650,0.016363636363636365
onlineshoppers,Informational_Duration,284,28,332,3,1,2,-1,0.03571428571428571,0.03571428571428571,21.0,22.96,23,1590,0.014465408805031447
onlineshoppers,Informational_Duration,285,26,332,2,1,1,-1,0.038461538461538464,0.038461538461538464,27.5,25.90909090909091,26,1840,0.014130434782608696
onlineshoppers,Informational_Duration,286,26,286,3,1,2,-1,0.038461538461538464,0.038461538461538464,28.0,22.789473684210527,23,1736,0.013248847926267281
onlineshoppers,Informational_Duration,287,26,319,3,1,1,-1,0.03846153846153847,0.038461538461538464,29.0,25.9,25,1752,0.014269406392694063
onlineshoppers,Informational_Duration,288,27,311,3,1,1,-1,0.03703703703703703,0.037037037037037035,25.0,23.045454545454547,26,1668,0.015587529976019185
onlineshoppers,Informational_Duration,289,27,274,3,1,2,-1,0.037037037037037035,0.037037037037037035,19.5,19.35,26,1534,0.01694915254237288
onlineshoppers,Informational_Duration,290,26,329,2,1,1,-1,0.038461538461538464,0.03846153846153846,28.0,26.94736842105263,27,1684,0.016033254156769598
onlineshoppers,Informational_Duration,291,27,340,3,1,2,-1,0.03703703703703703,0.03703703703703704,23.0,24.5,29,1640,0.01768292682926829
onlineshoppers,Informational_Duration,292,27,348,3,1,1,-1,0.037037037037037035,0.037037037037037035,26.5,24.5,25,1850,0.013513513513513514
onlineshoppers,Informational_Duration,293,27,337,3,1,1,-1,0.03703703703703704,0.037037037037037035,28.5,25.5,25,1856,0.013469827586206896
onlineshoppers,Informational_Duration,294,27,333,2,1,1,-1,0.03703703703703704,0.037037037037037035,25.5,24.25,25,1704,0.014671361502347418
onlineshoppers,Informational_Duration,295,27,330,3,1,1,-1,0.037037037037037035,0.037037037037037035,26.0,23.80952380952381,28,1678,0.0166865315852205
onlineshoppers,Informational_Duration,296,26,308,2,1,1,-1,0.038461538461538464,0.03846153846153847,23.0,23.941176470588236,29,1690,0.017159763313609466
onlineshoppers,Informational_Duration,297,28,315,3,1,4,-1,0.03571428571428571,0.03571428571428571,23.0,22.904761904761905,33,1840,0.017934782608695653
onlineshoppers,Informational_Duration,298,27,310,3,1,1,-1,0.03703703703703704,0.037037037037037035,22.0,23.45,25,1834,0.013631406761177753
onlineshoppers,Informational_Duration,299,28,322,3,1,2,-1,0.03571428571428572,0.03571428571428571,21.0,22.166666666666668,27,1684,0.016033254156769598
onlineshoppers,ProductRelated,0,27,319,3,1,2,-1,0.037037037037037035,0.037037037037037035,26.0,23.59090909090909,26,1654,0.015719467956469165
onlineshoppers,ProductRelated,1,28,303,3,1,3,-1,0.03571428571428571,0.035714285714285705,16.0,19.352941176470587,26,1826,0.014238773274917854
onlineshoppers,ProductRelated,2,27,326,2,1,1,-1,0.037037037037037035,0.037037037037037035,18.0,22.666666666666668,29,1914,0.015151515151515152
onlineshoppers,ProductRelated,3,26,319,2,1,1,-1,0.03846153846153846,0.03846153846153847,21.5,23.40909090909091,25,1730,0.014450867052023121
onlineshoppers,ProductRelated,4,27,344,2,1,1,-1,0.03703703703703703,0.037037037037037035,28.0,25.38095238095238,25,1704,0.014671361502347418
onlineshoppers,ProductRelated,5,27,304,3,1,2,-1,0.037037037037037035,0.03703703703703704,22.0,22.0,32,1852,0.017278617710583154
onlineshoppers,ProductRelated,6,27,343,3,1,2,-1,0.037037037037037035,0.037037037037037035,24.0,25.473684210526315,30,1958,0.015321756894790603
onlineshoppers,ProductRelated,7,27,305,3,1,2,-1,0.03703703703703703,0.03703703703703703,24.0,23.695652173913043,27,1836,0.014705882352941176
onlineshoppers,ProductRelated,8,27,301,3,1,1,-1,0.037037037037037035,0.037037037037037035,24.0,22.38095238095238,26,1628,0.01597051597051597
onlineshoppers,ProductRelated,9,28,328,3,1,1,-1,0.03571428571428571,0.03571428571428571,19.0,22.772727272727273,25,1852,0.013498920086393088
onlineshoppers,ProductRelated,10,28,301,3,1,2,-1,0.03571428571428571,0.03571428571428572,19.5,20.333333333333332,22,1658,0.013268998793727383
onlineshoppers,ProductRelated,11,28,350,3,1,1,-1,0.035714285714285705,0.035714285714285705,27.5,26.09090909090909,27,1828,0.01477024070021882
onlineshoppers,ProductRelated,12,26,319,2,1,1,-1,0.03846153846153846,0.03846153846153847,26.0,24.5,24,1654,0.014510278113663845
onlineshoppers,ProductRelated,13,28,292,3,1,3,-1,0.03571428571428571,0.03571428571428571,18.0,19.444444444444443,24,1684,0.014251781472684086
onlineshoppers,ProductRelated,14,27,303,3,1,4,-1,0.037037037037037035,0.037037037037037035,26.0,22.0,24,1910,0.012565445026178011
onlineshoppers,ProductRelated,15,28,288,4,1,4,-1,0.035714285714285705,0.03571428571428572,17.0,20.210526315789473,29,1822,0.015916575192096598
onlineshoppers,ProductRelated,16,27,294,3,1,1,-1,0.03703703703703704,0.03703703703703704,21.5,20.8,29,1620,0.017901234567901235
onlineshoppers,ProductRelated,17,27,299,3,1,1,-1,0.03703703703703703,0.037037037037037035,21.0,22.1,26,1720,0.015116279069767442
onlineshoppers,ProductRelated,18,28,341,3,1,1,-1,0.035714285714285705,0.0357142857142857,23.0,24.63157894736842,28,1760,0.015909090909090907
onlineshoppers,ProductRelated,19,26,280,3,1,2,-1,0.03846153846153845,0.038461538461538464,15.5,18.5,27,1656,0.016304347826086956
onlineshoppers,ProductRelated,20,27,349,2,1,1,-1,0.037037037037037035,0.037037037037037035,27.0,25.652173913043477,30,1992,0.015060240963855422
onlineshoppers,ProductRelated,21,27,324,3,1,1,-1,0.037037037037037035,0.037037037037037035,25.0,24.526315789473685,28,1900,0.014736842105263158
onlineshoppers,ProductRelated,22,28,339,3,1,1,-1,0.03571428571428571,0.03571428571428571,27.0,26.11111111111111,29,1744,0.016628440366972478
onlineshoppers,ProductRelated,23,27,303,3,1,1,-1,0.037037037037037035,0.03703703703703704,26.5,23.166666666666668,29,1724,0.016821345707656612
onlineshoppers,ProductRelated,24,27,301,3,1,2,-1,0.037037037037037035,0.037037037037037035,21.5,21.90909090909091,28,1614,0.01734820322180917
onlineshoppers,ProductRelated,25,27,317,3,1,2,-1,0.037037037037037035,0.037037037037037035,27.0,24.055555555555557,25,1862,0.01342642320085929
onlineshoppers,ProductRelated,26,27,339,3,1,1,-1,0.03703703703703704,0.037037037037037035,21.0,24.05,26,1784,0.014573991031390135
onlineshoppers,ProductRelated,27,27,331,2,1,1,-1,0.03703703703703704,0.03703703703703704,24.5,24.40909090909091,25,1798,0.013904338153503892
onlineshoppers,ProductRelated,28,27,324,3,1,1,-1,0.037037037037037035,0.03703703703703704,27.5,25.5,27,1706,0.015826494724501757
onlineshoppers,ProductRelated,29,27,312,3,1,2,-1,0.03703703703703703,0.037037037037037035,25.0,23.11764705882353,27,1988,0.01358148893360161
onlineshoppers,ProductRelated,30,28,323,3,1,1,-1,0.035714285714285705,0.03571428571428571,19.0,21.789473684210527,27,1612,0.016749379652605458
onlineshoppers,ProductRelated,31,28,324,3,1,1,-1,0.03571428571428571,0.035714285714285705,18.0,22.263157894736842,27,1736,0.01555299539170507
onlineshoppers,ProductRelated,32,27,335,3,1,1,-1,0.03703703703703703,0.03703703703703703,28.0,26.142857142857142,28,1680,0.016666666666666666
onlineshoppers,ProductRelated,33,27,314,3,1,1,-1,0.037037037037037035,0.037037037037037035,22.5,23.25,27,1626,0.016605166051660517
onlineshoppers,ProductRelated,34,27,293,3,1,2,-1,0.03703703703703703,0.037037037037037035,25.0,22.57894736842105,28,1718,0.01629802095459837
onlineshoppers,ProductRelated,35,27,316,3,1,1,-1,0.03703703703703704,0.03703703703703703,19.0,23.352941176470587,26,1648,0.015776699029126214
onlineshoppers,ProductRelated,36,28,348,3,1,2,-1,0.03571428571428571,0.03571428571428571,26.0,24.347826086956523,32,2090,0.015311004784688996
onlineshoppers,ProductRelated,37,27,312,3,1,3,-1,0.037037037037037035,0.03703703703703704,19.0,20.352941176470587,23,1798,0.012791991101223582
onlineshoppers,ProductRelated,38,27,289,3,1,1,-1,0.03703703703703703,0.037037037037037035,24.0,21.714285714285715,28,1732,0.016166281755196306
onlineshoppers,ProductRelated,39,28,305,3,1,1,-1,0.03571428571428571,0.035714285714285705,25.0,22.42105263157895,31,1700,0.018235294117647058
onlineshoppers,ProductRelated,40,27,305,3,1,1,-1,0.03703703703703704,0.037037037037037035,20.5,21.88888888888889,26,1662,0.015643802647412757
onlineshoppers,ProductRelated,41,26,293,3,1,3,-1,0.03846153846153846,0.03846153846153845,25.5,22.944444444444443,26,1866,0.013933547695605574
onlineshoppers,ProductRelated,42,25,266,3,1,2,-1,0.04,0.039999999999999994,17.0,20.0,24,1670,0.01437125748502994
onlineshoppers,ProductRelated,43,28,317,3,1,1,-1,0.03571428571428572,0.03571428571428571,17.0,21.166666666666668,27,1876,0.014392324093816631
onlineshoppers,ProductRelated,44,27,335,3,1,1,-1,0.037037037037037035,0.037037037037037035,24.5,24.05,25,1746,0.0143184421534937
onlineshoppers,ProductRelated,45,27,305,3,1,1,-1,0.037037037037037056,0.037037037037037035,24.0,22.857142857142858,30,1914,0.01567398119122257
onlineshoppers,ProductRelated,46,26,291,3,1,1,-1,0.038461538461538464,0.03846153846153847,20.5,21.65,27,1662,0.016245487364620937
onlineshoppers,ProductRelated,47,28,327,3,1,1,-1,0.03571428571428571,0.03571428571428572,26.0,24.59090909090909,26,1704,0.015258215962441314
onlineshoppers,ProductRelated,48,28,343,3,1,1,-1,0.03571428571428571,0.03571428571428571,23.0,23.15,31,1754,0.01767388825541619
onlineshoppers,ProductRelated,49,26,319,2,1,1,-1,0.03846153846153847,0.038461538461538464,28.5,25.88888888888889,25,1740,0.014367816091954023
onlineshoppers,ProductRelated,50,26,326,2,1,1,-1,0.038461538461538464,0.03846153846153845,22.5,23.72222222222222,23,1670,0.013772455089820359
onlineshoppers,ProductRelated,51,27,331,3,1,1,-1,0.037037037037037035,0.037037037037037056,30.0,26.157894736842106,24,1826,0.013143483023001095
onlineshoppers,ProductRelated,52,27,333,3,1,1,-1,0.03703703703703704,0.037037037037037035,23.0,25.095238095238095,24,1734,0.01384083044982699
onlineshoppers,ProductRelated,53,28,310,3,1,3,-1,0.035714285714285705,0.03571428571428571,24.5,22.681818181818183,28,1852,0.01511879049676026
onlineshoppers,ProductRelated,54,27,349,3,1,1,-1,0.03703703703703704,0.037037037037037035,26.0,24.42105263157895,23,1708,0.013466042154566744
onlineshoppers,ProductRelated,55,26,309,2,1,1,-1,0.038461538461538464,0.03846153846153845,26.0,23.894736842105264,31,1644,0.018856447688564478
onlineshoppers,ProductRelated,56,27,359,2,1,1,-1,0.037037037037037035,0.037037037037037035,29.0,27.105263157894736,30,1936,0.015495867768595042
onlineshoppers,ProductRelated,57,27,315,3,1,1,-1,0.037037037037037035,0.037037037037037035,24.5,22.333333333333332,31,1894,0.016367476240760296
onlineshoppers,ProductRelated,58,27,313,3,1,1,-1,0.037037037037037035,0.03703703703703703,28.5,24.0,25,1560,0.016025641025641024
onlineshoppers,ProductRelated,59,28,302,3,1,1,-1,0.03571428571428571,0.03571428571428571,18.0,20.470588235294116,26,1676,0.015513126491646777
onlineshoppers,ProductRelated,60,27,318,3,1,1,-1,0.03703703703703704,0.03703703703703703,25.0,24.083333333333332,27,1606,0.016811955168119553
onlineshoppers,ProductRelated,61,27,323,3,1,2,-1,0.037037037037037035,0.037037037037037035,22.0,24.0,29,1892,0.0153276955602537
onlineshoppers,ProductRelated,62,27,299,3,1,2,-1,0.037037037037037035,0.037037037037037035,20.0,20.91304347826087,27,1662,0.016245487364620937
onlineshoppers,ProductRelated,63,27,298,3,1,2,-1,0.037037037037037035,0.037037037037037035,17.0,19.904761904761905,29,1672,0.017344497607655503
onlineshoppers,ProductRelated,64,26,293,3,1,1,-1,0.038461538461538464,0.03846153846153846,19.5,21.25,23,1828,0.012582056892778994
onlineshoppers,ProductRelated,65,26,310,3,1,1,-1,0.038461538461538464,0.038461538461538464,24.0,24.5,25,1722,0.014518002322880372
onlineshoppers,ProductRelated,66,28,334,3,1,2,-1,0.03571428571428571,0.03571428571428571,24.0,23.61904761904762,25,1874,0.013340448239060833
onlineshoppers,ProductRelated,67,28,303,3,1,1,-1,0.03571428571428572,0.03571428571428571,17.0,20.454545454545453,27,1648,0.016383495145631068
onlineshoppers,ProductRelated,68,26,309,3,1,2,-1,0.03846153846153846,0.038461538461538464,25.0,24.19047619047619,28,1680,0.016666666666666666
onlineshoppers,ProductRelated,69,28,352,3,1,1,-1,0.03571428571428572,0.035714285714285705,25.0,23.65,31,1824,0.01699561403508772
onlineshoppers,ProductRelated,70,27,325,3,1,1,-1,0.037037037037037035,0.03703703703703704,28.0,26.88888888888889,26,1710,0.0152046783625731
onlineshoppers,ProductRelated,71,28,316,3,1,2,-1,0.03571428571428571,0.035714285714285705,24.0,23.0,35,1702,0.020564042303172738
onlineshoppers,ProductRelated,72,28,307,3,1,3,-1,0.03571428571428571,0.03571428571428571,26.0,22.473684210526315,29,1720,0.01686046511627907
onlineshoppers,ProductRelated,73,27,313,3,1,2,-1,0.037037037037037035,0.037037037037037035,21.0,22.952380952380953,29,1674,0.017323775388291517
onlineshoppers,ProductRelated,74,27,344,3,1,1,-1,0.037037037037037035,0.037037037037037035,27.0,25.304347826086957,28,1896,0.014767932489451477
onlineshoppers,ProductRelated,75,26,334,2,1,1,-1,0.03846153846153846,0.03846153846153846,20.0,24.526315789473685,23,1852,0.012419006479481642
onlineshoppers,ProductRelated,76,27,308,3,1,1,-1,0.037037037037037035,0.037037037037037035,18.0,22.047619047619047,30,1626,0.01845018450184502
onlineshoppers,ProductRelated,77,27,290,3,1,3,-1,0.037037037037037035,0.037037037037037035,20.5,21.272727272727273,29,1834,0.015812431842966195
onlineshoppers,ProductRelated,78,26,319,2,1,1,-1,0.038461538461538464,0.03846153846153845,29.0,25.63157894736842,27,1716,0.015734265734265736
onlineshoppers,ProductRelated,79,26,321,3,1,1,-1,0.03846153846153846,0.038461538461538464,22.0,23.94736842105263,25,1774,0.014092446448703494
onlineshoppers,ProductRelated,80,27,323,3,1,1,-1,0.03703703703703704,0.037037037037037035,19.5,22.083333333333332,26,1708,0.01522248243559719
onlineshoppers,ProductRelated,81,28,292,3,1,3,-1,0.03571428571428571,0.03571428571428572,23.0,21.75,30,1778,0.01687289088863892
onlineshoppers,ProductRelated,82,27,295,3,1,1,-1,0.037037037037037035,0.037037037037037035,22.0,20.904761904761905,24,1756,0.01366742596810934
onlineshoppers,ProductRelated,83,26,311,3,1,1,-1,0.038461538461538464,0.038461538461538464,24.0,24.38095238095238,27,1668,0.01618705035971223
onlineshoppers,ProductRelated,84,28,312,3,1,1,-1,0.03571428571428571,0.03571428571428571,21.0,22.61904761904762,26,1570,0.016560509554140127
onlineshoppers,ProductRelated,85,27,299,3,1,2,-1,0.037037037037037035,0.037037037037037035,19.0,20.666666666666668,26,1716,0.015151515151515152
onlineshoppers,ProductRelated,86,27,311,3,1,2,-1,0.03703703703703703,0.037037037037037035,17.5,21.3,27,1664,0.01622596153846154
onlineshoppers,ProductRelated,87,28,330,3,1,2,-1,0.03571428571428572,0.03571428571428571,22.0,22.714285714285715,26,1902,0.013669821240799159
onlineshoppers,ProductRelated,88,27,313,3,1,1,-1,0.03703703703703703,0.03703703703703703,22.5,22.77777777777778,31,1708,0.018149882903981264
onlineshoppers,ProductRelated,89,27,296,3,1,3,-1,0.037037037037037035,0.03703703703703704,21.0,20.476190476190474,27,1810,0.014917127071823204
onlineshoppers,ProductRelated,90,27,323,3,1,1,-1,0.037037037037037035,0.037037037037037035,23.5,23.636363636363637,24,1668,0.014388489208633094
onlineshoppers,ProductRelated,91,27,305,2,1,1,-1,0.037037037037037035,0.037037037037037035,23.5,22.77777777777778,26,1698,0.015312131919905771
onlineshoppers,ProductRelated,92,27,282,3,1,2,-1,0.037037037037037035,0.037037037037037035,26.0,22.31578947368421,26,1548,0.016795865633074936
onlineshoppers,ProductRelated,93,28,333,3,1,1,-1,0.03571428571428572,0.03571428571428571,23.5,23.5,27,1786,0.015117581187010079
onlineshoppers,ProductRelated,94,27,317,3,1,1,-1,0.037037037037037035,0.037037037037037035,18.0,21.761904761904763,35,1696,0.020636792452830188
onlineshoppers,ProductRelated,95,27,299,3,1,1,-1,0.037037037037037035,0.037037037037037035,17.0,20.047619047619047,24,1810,0.013259668508287293
onlineshoppers,ProductRelated,96,27,316,3,1,1,-1,0.037037037037037035,0.037037037037037035,20.0,22.476190476190474,28,1912,0.014644351464435146
onlineshoppers,ProductRelated,97,27,338,3,1,2,-1,0.037037037037037035,0.037037037037037035,21.5,24.45,30,1944,0.015432098765432098
onlineshoppers,ProductRelated,98,26,327,2,1,1,-1,0.038461538461538464,0.03846153846153847,25.5,25.944444444444443,31,1740,0.017816091954022988
onlineshoppers,ProductRelated,99,26,319,3,1,1,-1,0.03846153846153847,0.038461538461538464,25.0,25.38095238095238,25,2014,0.012413108242303872
onlineshoppers,ProductRelated,100,27,315,3,1,1,-1,0.03703703703703704,0.037037037037037035,22.0,23.363636363636363,32,1686,0.018979833926453145
onlineshoppers,ProductRelated,101,27,338,3,1,1,-1,0.037037037037037035,0.03703703703703703,26.0,24.80952380952381,30,1598,0.01877346683354193
onlineshoppers,ProductRelated,102,28,332,3,1,1,-1,0.03571428571428571,0.03571428571428571,27.0,25.333333333333332,36,1754,0.020524515393386546
onlineshoppers,ProductRelated,103,27,304,3,1,1,-1,0.03703703703703704,0.03703703703703703,26.5,24.444444444444443,27,1576,0.01713197969543147
onlineshoppers,ProductRelated,104,27,302,3,1,2,-1,0.03703703703703704,0.03703703703703703,24.0,22.19047619047619,28,1604,0.017456359102244388
onlineshoppers,ProductRelated,105,26,302,3,1,2,-1,0.03846153846153847,0.03846153846153846,16.0,20.57894736842105,30,1920,0.015625
onlineshoppers,ProductRelated,106,27,311,3,1,1,-1,0.03703703703703703,0.037037037037037035,28.0,24.428571428571427,26,1634,0.01591187270501836
onlineshoppers,ProductRelated,107,27,285,3,1,1,-1,0.03703703703703703,0.037037037037037035,16.0,19.15,23,1580,0.014556962025316455
onlineshoppers,ProductRelated,108,27,346,2,1,1,-1,0.037037037037037035,0.037037037037037035,28.0,25.2,26,1968,0.013211382113821139
onlineshoppers,ProductRelated,109,27,331,3,1,1,-1,0.03703703703703704,0.03703703703703704,21.0,23.782608695652176,22,1782,0.012345679012345678
onlineshoppers,ProductRelated,110,26,342,2,1,1,-1,0.038461538461538464,0.03846153846153846,27.0,26.27777777777778,25,1778,0.0140607424071991
onlineshoppers,ProductRelated,111,28,347,3,1,1,-1,0.035714285714285705,0.03571428571428571,25.5,24.416666666666668,26,1698,0.015312131919905771
onlineshoppers,ProductRelated,112,27,336,3,1,1,-1,0.037037037037037035,0.037037037037037035,24.0,25.09090909090909,30,1696,0.01768867924528302
onlineshoppers,ProductRelated,113,26,288,3,1,2,-1,0.038461538461538464,0.038461538461538464,22.0,21.2,27,1638,0.016483516483516484
onlineshoppers,ProductRelated,114,26,336,2,1,1,-1,0.038461538461538464,0.03846153846153847,26.5,27.11111111111111,26,1876,0.013859275053304905
onlineshoppers,ProductRelated,115,27,284,3,1,2,-1,0.03703703703703704,0.037037037037037035,24.5,22.3125,25,1700,0.014705882352941176
onlineshoppers,ProductRelated,116,26,325,2,1,1,-1,0.038461538461538464,0.038461538461538464,28.0,25.470588235294116,25,1572,0.015903307888040712
onlineshoppers,ProductRelated,117,26,284,4,1,2,-1,0.038461538461538464,0.03846153846153845,26.0,22.11764705882353,31,1630,0.01901840490797546
onlineshoppers,ProductRelated,118,27,335,3,1,1,-1,0.03703703703703703,0.03703703703703703,24.5,24.8,27,1718,0.01571594877764843
onlineshoppers,ProductRelated,119,27,318,3,1,1,-1,0.03703703703703704,0.03703703703703704,30.5,26.0,26,1620,0.016049382716049384
onlineshoppers,ProductRelated,120,27,319,3,1,1,-1,0.037037037037037035,0.03703703703703704,27.0,24.285714285714285,29,1694,0.017119244391971666
onlineshoppers,ProductRelated,121,28,360,3,1,1,-1,0.03571428571428572,0.03571428571428571,28.0,26.095238095238095,26,1882,0.01381509032943677
onlineshoppers,ProductRelated,122,27,300,3,1,3,-1,0.037037037037037035,0.037037037037037035,19.0,21.19047619047619,30,1670,0.017964071856287425
onlineshoppers,ProductRelated,123,27,301,3,1,1,-1,0.037037037037037035,0.037037037037037035,24.0,23.130434782608695,23,1760,0.013068181818181817
onlineshoppers,ProductRelated,124,28,307,3,1,2,-1,0.03571428571428571,0.03571428571428571,18.5,20.15,27,1714,0.01575262543757293
onlineshoppers,ProductRelated,125,27,292,3,1,1,-1,0.037037037037037035,0.037037037037037035,23.0,22.333333333333332,27,1652,0.016343825665859565
onlineshoppers,ProductRelated,126,27,327,2,1,1,-1,0.037037037037037035,0.037037037037037035,26.0,24.4,28,1754,0.01596351197263398
onlineshoppers,ProductRelated,127,28,321,2,1,1,-1,0.03571428571428571,0.03571428571428572,21.0,23.894736842105264,30,1948,0.015400410677618069
onlineshoppers,ProductRelated,128,27,318,2,1,1,-1,0.03703703703703703,0.037037037037037035,20.5,22.666666666666668,30,1780,0.016853932584269662
onlineshoppers,ProductRelated,129,26,315,3,1,2,-1,0.03846153846153846,0.03846153846153847,22.5,23.458333333333332,27,1670,0.016167664670658683
onlineshoppers,ProductRelated,130,27,319,3,1,2,-1,0.037037037037037035,0.03703703703703704,29.0,26.166666666666668,26,1798,0.014460511679644048
onlineshoppers,ProductRelated,131,26,331,2,1,1,-1,0.038461538461538464,0.03846153846153847,23.0,23.68421052631579,27,1860,0.014516129032258065
onlineshoppers,ProductRelated,132,27,344,2,1,1,-1,0.037037037037037035,0.03703703703703704,28.5,25.333333333333332,27,1900,0.014210526315789474
onlineshoppers,ProductRelated,133,27,317,3,1,2,-1,0.037037037037037035,0.037037037037037035,22.5,22.555555555555557,24,1578,0.015209125475285171
onlineshoppers,ProductRelated,134,28,289,3,1,3,-1,0.03571428571428571,0.03571428571428571,15.0,18.705882352941178,22,1680,0.013095238095238096
onlineshoppers,ProductRelated,135,27,319,3,1,1,-1,0.03703703703703704,0.03703703703703703,19.5,21.727272727272727,28,1660,0.016867469879518072
onlineshoppers,ProductRelated,136,28,288,3,1,1,-1,0.03571428571428572,0.03571428571428571,19.5,20.863636363636363,25,1560,0.016025641025641024
onlineshoppers,ProductRelated,137,28,335,3,1,1,-1,0.03571428571428572,0.03571428571428571,24.0,24.47826086956522,26,1896,0.013713080168776372
onlineshoppers,ProductRelated,138,27,306,3,1,1,-1,0.03703703703703703,0.037037037037037035,18.0,21.428571428571427,24,1666,0.014405762304921969
onlineshoppers,ProductRelated,139,27,357,2,1,1,-1,0.037037037037037035,0.037037037037037035,27.0,25.571428571428573,30,1894,0.01583949313621964
onlineshoppers,ProductRelated,140,27,297,3,1,2,-1,0.037037037037037035,0.037037037037037035,19.0,21.238095238095237,31,1744,0.017775229357798166
onlineshoppers,ProductRelated,141,26,296,3,1,3,-1,0.038461538461538464,0.038461538461538464,26.0,23.363636363636363,24,1786,0.013437849944008958
onlineshoppers,ProductRelated,142,27,339,3,1,1,-1,0.037037037037037035,0.037037037037037035,29.0,25.0,26,1966,0.013224821973550356
onlineshoppers,ProductRelated,143,26,358,2,1,1,-1,0.03846153846153845,0.038461538461538464,25.5,27.5,30,1820,0.016483516483516484
onlineshoppers,ProductRelated,144,27,310,3,1,1,-1,0.037037037037037035,0.03703703703703704,20.0,22.26086956521739,24,1908,0.012578616352201259
onlineshoppers,ProductRelated,145,27,316,3,1,1,-1,0.037037037037037035,0.037037037037037035,27.0,24.789473684210527,27,1726,0.015643105446118192
onlineshoppers,ProductRelated,146,27,314,3,1,1,-1,0.037037037037037035,0.037037037037037035,27.0,23.842105263157894,24,1730,0.013872832369942197
onlineshoppers,ProductRelated,147,27,318,3,1,1,-1,0.037037037037037035,0.037037037037037035,20.0,22.55,25,1764,0.01417233560090703
onlineshoppers,ProductRelated,148,27,313,3,1,2,-1,0.037037037037037035,0.03703703703703703,27.0,24.666666666666668,29,1648,0.017597087378640776
onlineshoppers,ProductRelated,149,26,327,2,1,1,-1,0.038461538461538464,0.03846153846153846,28.0,26.789473684210527,25,1846,0.013542795232936078
onlineshoppers,ProductRelated,150,27,298,3,1,1,-1,0.037037037037037035,0.037037037037037035,18.0,21.789473684210527,30,1616,0.018564356435643563
onlineshoppers,ProductRelated,151,26,300,3,1,2,-1,0.03846153846153847,0.03846153846153847,30.5,26.3125,25,1818,0.013751375137513752
onlineshoppers,ProductRelated,152,28,316,3,1,1,-1,0.03571428571428571,0.03571428571428571,21.0,22.68421052631579,29,1702,0.017038777908343124
onlineshoppers,ProductRelated,153,28,338,3,1,2,-1,0.03571428571428572,0.03571428571428571,19.5,22.7,27,1812,0.014900662251655629
onlineshoppers,ProductRelated,154,25,303,3,1,2,-1,0.04,0.04,19.0,23.157894736842106,28,1736,0.016129032258064516
onlineshoppers,ProductRelated,155,28,296,3,1,1,-1,0.03571428571428571,0.03571428571428571,23.0,21.470588235294116,28,1606,0.017434620174346202
onlineshoppers,ProductRelated,156,27,323,3,1,1,-1,0.03703703703703704,0.037037037037037035,19.0,22.94736842105263,31,1914,0.01619644723092999
onlineshoppers,ProductRelated,157,27,298,3,1,1,-1,0.03703703703703704,0.037037037037037035,19.0,21.88888888888889,27,1822,0.014818880351262349
onlineshoppers,ProductRelated,158,25,326,3,1,2,-1,0.04,0.039999999999999994,27.0,23.94736842105263,24,1988,0.012072434607645875
onlineshoppers,ProductRelated,159,26,311,2,1,1,-1,0.03846153846153846,0.03846153846153846,28.5,25.65,28,1618,0.0173053152039555
onlineshoppers,ProductRelated,160,28,301,3,1,1,-1,0.03571428571428572,0.03571428571428571,25.0,21.857142857142858,30,2034,0.014749262536873156
onlineshoppers,ProductRelated,161,28,288,3,1,2,-1,0.03571428571428572,0.03571428571428572,23.5,20.77777777777778,24,1780,0.01348314606741573
onlineshoppers,ProductRelated,162,27,315,3,1,3,-1,0.037037037037037035,0.03703703703703703,25.0,23.68421052631579,29,1732,0.01674364896073903
onlineshoppers,ProductRelated,163,27,320,3,1,1,-1,0.037037037037037035,0.03703703703703704,26.0,24.333333333333332,30,1782,0.016835016835016835
onlineshoppers,ProductRelated,164,28,326,3,1,1,-1,0.03571428571428572,0.03571428571428571,16.5,20.7,27,1720,0.015697674418604653
onlineshoppers,ProductRelated,165,26,296,3,1,2,-1,0.03846153846153846,0.03846153846153846,22.0,21.7,27,1980,0.013636363636363636
onlineshoppers,ProductRelated,166,27,287,3,1,1,-1,0.03703703703703704,0.037037037037037035,26.0,23.105263157894736,24,1734,0.01384083044982699
onlineshoppers,ProductRelated,167,27,312,3,1,1,-1,0.03703703703703703,0.037037037037037035,17.0,21.833333333333332,27,1934,0.013960703205791106
onlineshoppers,ProductRelated,168,27,276,3,1,2,-1,0.037037037037037035,0.03703703703703703,15.5,18.944444444444443,28,1562,0.01792573623559539
onlineshoppers,ProductRelated,169,27,302,3,1,2,-1,0.037037037037037035,0.037037037037037035,27.0,24.05,27,1860,0.014516129032258065
onlineshoppers,ProductRelated,170,27,311,2,1,1,-1,0.03703703703703704,0.037037037037037035,23.0,22.38095238095238,30,1604,0.018703241895261846
onlineshoppers,ProductRelated,171,26,312,2,1,1,-1,0.03846153846153846,0.038461538461538464,26.5,25.72222222222222,23,1698,0.013545347467608953
onlineshoppers,ProductRelated,172,28,313,3,1,1,-1,0.03571428571428571,0.03571428571428571,24.5,22.454545454545453,27,1712,0.015771028037383176
onlineshoppers,ProductRelated,173,27,302,3,1,2,-1,0.037037037037037035,0.037037037037037035,21.5,21.055555555555557,22,1676,0.013126491646778043
onlineshoppers,ProductRelated,174,28,321,3,1,2,-1,0.03571428571428571,0.03571428571428572,20.5,22.0,38,1724,0.022041763341067284
onlineshoppers,ProductRelated,175,27,308,3,1,1,-1,0.037037037037037035,0.03703703703703703,22.5,21.85,27,1718,0.01571594877764843
onlineshoppers,ProductRelated,176,28,313,3,1,2,-1,0.03571428571428571,0.035714285714285705,17.5,21.863636363636363,27,1778,0.015185601799775027
onlineshoppers,ProductRelated,177,28,305,3,1,2,-1,0.03571428571428571,0.03571428571428572,25.5,23.944444444444443,27,1806,0.014950166112956811
onlineshoppers,ProductRelated,178,27,288,3,1,3,-1,0.037037037037037035,0.037037037037037035,18.0,20.391304347826086,24,1698,0.014134275618374558
onlineshoppers,ProductRelated,179,28,328,3,1,1,-1,0.035714285714285705,0.03571428571428572,29.0,25.285714285714285,29,1746,0.016609392898052692
onlineshoppers,ProductRelated,180,28,321,3,1,1,-1,0.03571428571428571,0.03571428571428571,21.0,21.291666666666668,24,1724,0.013921113689095127
onlineshoppers,ProductRelated,181,26,337,2,1,1,-1,0.038461538461538464,0.03846153846153845,32.0,27.647058823529413,24,1718,0.013969732246798603
onlineshoppers,ProductRelated,182,28,321,3,1,1,-1,0.03571428571428571,0.03571428571428572,20.5,22.363636363636363,27,1788,0.015100671140939598
onlineshoppers,ProductRelated,183,28,305,3,1,1,-1,0.03571428571428571,0.03571428571428571,26.0,23.857142857142858,30,1666,0.01800720288115246
onlineshoppers,ProductRelated,184,27,300,3,1,1,-1,0.037037037037037035,0.037037037037037035,25.5,23.7,28,1668,0.016786570743405275
onlineshoppers,ProductRelated,185,28,312,3,1,1,-1,0.03571428571428572,0.03571428571428572,29.0,24.842105263157894,27,1778,0.015185601799775027
onlineshoppers,ProductRelated,186,26,328,3,1,1,-1,0.03846153846153847,0.03846153846153847,28.0,23.526315789473685,28,1688,0.016587677725118485
onlineshoppers,ProductRelated,187,28,293,4,1,4,-1,0.03571428571428571,0.03571428571428571,23.5,21.38888888888889,23,1660,0.013855421686746987
onlineshoppers,ProductRelated,188,27,305,3,1,1,-1,0.037037037037037035,0.037037037037037035,22.0,22.565217391304348,25,1610,0.015527950310559006
onlineshoppers,ProductRelated,189,28,298,3,1,2,-1,0.035714285714285705,0.03571428571428571,24.0,22.333333333333332,26,1884,0.013800424628450107
onlineshoppers,ProductRelated,190,26,297,3,1,2,-1,0.03846153846153845,0.03846153846153846,21.0,20.9,25,1736,0.014400921658986175
onlineshoppers,ProductRelated,191,27,322,2,1,1,-1,0.037037037037037035,0.03703703703703703,26.0,23.666666666666668,22,1712,0.012850467289719626
onlineshoppers,ProductRelated,192,27,293,3,1,3,-1,0.03703703703703704,0.037037037037037035,24.0,23.285714285714285,23,1616,0.014232673267326733
onlineshoppers,ProductRelated,193,26,273,3,1,3,-1,0.038461538461538464,0.03846153846153847,26.0,23.88235294117647,26,1704,0.015258215962441314
onlineshoppers,ProductRelated,194,27,292,3,1,1,-1,0.03703703703703704,0.03703703703703703,15.5,20.05,24,1624,0.014778325123152709
onlineshoppers,ProductRelated,195,27,328,3,1,3,-1,0.037037037037037035,0.037037037037037035,26.5,25.05,27,1940,0.013917525773195877
onlineshoppers,ProductRelated,196,27,313,2,1,1,-1,0.037037037037037035,0.037037037037037035,21.0,22.0,29,1686,0.01720047449584816
onlineshoppers,ProductRelated,197,28,331,3,1,1,-1,0.03571428571428571,0.03571428571428571,22.0,22.782608695652176,29,1978,0.014661274014155713
onlineshoppers,ProductRelated,198,27,333,3,1,1,-1,0.037037037037037035,0.03703703703703703,27.5,25.272727272727273,34,1730,0.019653179190751446
onlineshoppers,ProductRelated,199,28,324,3,1,2,-1,0.03571428571428571,0.03571428571428571,19.0,20.714285714285715,26,1748,0.014874141876430207
onlineshoppers,ProductRelated,200,28,346,3,1,1,-1,0.03571428571428571,0.03571428571428572,26.0,25.35,35,1932,0.018115942028985508
onlineshoppers,ProductRelated,201,27,313,3,1,2,-1,0.03703703703703703,0.037037037037037035,23.0,23.61904761904762,26,1786,0.014557670772676373
onlineshoppers,ProductRelated,202,27,315,3,1,2,-1,0.037037037037037035,0.037037037037037035,25.0,24.52173913043478,27,1896,0.014240506329113924
onlineshoppers,ProductRelated,203,27,326,3,1,1,-1,0.037037037037037035,0.037037037037037035,27.0,25.391304347826086,27,1848,0.01461038961038961
onlineshoppers,ProductRelated,204,25,294,3,1,1,-1,0.039999999999999994,0.04,15.0,21.05263157894737,24,1510,0.015894039735099338
onlineshoppers,ProductRelated,205,26,333,3,1,1,-1,0.03846153846153846,0.038461538461538464,24.0,25.05263157894737,34,1832,0.018558951965065504
onlineshoppers,ProductRelated,206,27,339,3,1,2,-1,0.03703703703703703,0.037037037037037035,20.0,23.238095238095237,28,1894,0.014783526927138331
onlineshoppers,ProductRelated,207,28,325,3,1,1,-1,0.03571428571428571,0.03571428571428572,21.0,21.363636363636363,33,1738,0.0189873417721519
onlineshoppers,ProductRelated,208,28,300,3,1,2,-1,0.03571428571428572,0.03571428571428571,18.5,21.6,27,1802,0.014983351831298557
onlineshoppers,ProductRelated,209,28,303,3,1,1,-1,0.03571428571428571,0.03571428571428572,23.0,21.894736842105264,27,1882,0.014346439957492029
onlineshoppers,ProductRelated,210,26,336,2,1,1,-1,0.038461538461538464,0.038461538461538464,25.0,26.05,36,1872,0.019230769230769232
onlineshoppers,ProductRelated,211,27,327,3,1,1,-1,0.037037037037037035,0.03703703703703703,28.5,24.95,28,1576,0.017766497461928935
onlineshoppers,ProductRelated,212,26,335,2,1,1,-1,0.03846153846153846,0.03846153846153847,20.5,24.75,30,1696,0.01768867924528302
onlineshoppers,ProductRelated,213,28,303,3,1,1,-1,0.03571428571428571,0.03571428571428573,24.0,22.38095238095238,28,1740,0.016091954022988506
onlineshoppers,ProductRelated,214,27,324,2,1,1,-1,0.037037037037037035,0.03703703703703704,24.0,24.08695652173913,27,1768,0.015271493212669683
onlineshoppers,ProductRelated,215,27,299,3,1,2,-1,0.03703703703703704,0.037037037037037035,22.0,21.761904761904763,28,1622,0.01726263871763255
onlineshoppers,ProductRelated,216,26,338,3,1,1,-1,0.03846153846153847,0.03846153846153847,23.5,24.45,37,1880,0.019680851063829788
onlineshoppers,ProductRelated,217,26,284,3,1,2,-1,0.03846153846153846,0.03846153846153847,18.0,20.36842105263158,24,1656,0.014492753623188406
onlineshoppers,ProductRelated,218,26,295,2,1,1,-1,0.038461538461538464,0.03846153846153847,19.0,21.11111111111111,26,1614,0.0161090458488228
onlineshoppers,ProductRelated,219,27,295,3,1,2,-1,0.03703703703703704,0.03703703703703703,25.5,23.3,31,1696,0.018278301886792452
onlineshoppers,ProductRelated,220,27,311,3,1,2,-1,0.037037037037037035,0.037037037037037035,23.0,22.95,27,1730,0.01560693641618497
onlineshoppers,ProductRelated,221,27,300,3,1,1,-1,0.037037037037037035,0.03703703703703703,28.0,24.80952380952381,28,1800,0.015555555555555555
onlineshoppers,ProductRelated,222,28,294,3,1,1,-1,0.035714285714285705,0.035714285714285705,21.5,21.95,30,1626,0.01845018450184502
onlineshoppers,ProductRelated,223,27,305,3,1,2,-1,0.037037037037037035,0.037037037037037035,22.0,22.82608695652174,28,1704,0.01643192488262911
onlineshoppers,ProductRelated,224,26,307,2,1,1,-1,0.03846153846153845,0.03846153846153846,28.0,24.130434782608695,23,1642,0.014007308160779537
onlineshoppers,ProductRelated,225,27,323,3,1,1,-1,0.037037037037037035,0.037037037037037035,25.0,24.333333333333332,26,1626,0.015990159901599015
onlineshoppers,ProductRelated,226,26,308,3,1,2,-1,0.03846153846153846,0.03846153846153846,24.5,23.666666666666668,23,1778,0.012935883014623173
onlineshoppers,ProductRelated,227,27,311,3,1,2,-1,0.037037037037037035,0.037037037037037035,27.0,24.7,24,1732,0.013856812933025405
onlineshoppers,ProductRelated,228,26,322,3,1,1,-1,0.038461538461538464,0.038461538461538464,26.0,24.476190476190474,29,1716,0.0168997668997669
onlineshoppers,ProductRelated,229,26,279,3,1,2,-1,0.03846153846153847,0.03846153846153845,27.0,22.65,23,1668,0.013788968824940047
onlineshoppers,ProductRelated,230,26,313,2,1,1,-1,0.038461538461538464,0.03846153846153847,18.5,23.4,28,1722,0.016260162601626018
onlineshoppers,ProductRelated,231,27,337,2,1,1,-1,0.037037037037037035,0.037037037037037035,27.0,25.05263157894737,32,1962,0.0163098878695209
onlineshoppers,ProductRelated,232,25,293,2,1,1,-1,0.04,0.04,28.0,24.842105263157894,26,1608,0.01616915422885572
onlineshoppers,ProductRelated,233,27,320,3,1,1,-1,0.037037037037037035,0.037037037037037035,28.0,24.75,28,1790,0.01564245810055866
onlineshoppers,ProductRelated,234,27,294,3,1,2,-1,0.037037037037037035,0.03703703703703704,23.0,21.473684210526315,26,1606,0.0161892901618929
onlineshoppers,ProductRelated,235,25,287,3,1,2,-1,0.039999999999999994,0.039999999999999994,27.0,23.473684210526315,25,1670,0.014970059880239521
onlineshoppers,ProductRelated,236,27,306,3,1,2,-1,0.037037037037037035,0.037037037037037035,19.0,21.956521739130434,27,1812,0.014900662251655629
onlineshoppers,ProductRelated,237,28,323,3,1,2,-1,0.03571428571428571,0.03571428571428571,20.0,21.82608695652174,29,1624,0.017857142857142856
onlineshoppers,ProductRelated,238,28,318,3,1,1,-1,0.03571428571428572,0.03571428571428572,27.0,23.31578947368421,28,1888,0.014830508474576272
onlineshoppers,ProductRelated,239,27,350,3,1,2,-1,0.03703703703703703,0.03703703703703703,23.0,23.82608695652174,26,1864,0.013948497854077254
onlineshoppers,ProductRelated,240,28,326,3,1,1,-1,0.03571428571428571,0.03571428571428571,24.5,23.9,25,1794,0.013935340022296544
onlineshoppers,ProductRelated,241,27,330,3,1,1,-1,0.037037037037037035,0.03703703703703704,22.5,24.0,28,1900,0.014736842105263158
onlineshoppers,ProductRelated,242,28,315,3,1,1,-1,0.03571428571428571,0.03571428571428571,20.0,22.125,25,1694,0.01475796930342385
onlineshoppers,ProductRelated,243,27,322,3,1,1,-1,0.03703703703703704,0.037037037037037056,29.0,24.842105263157894,29,1674,0.017323775388291517
onlineshoppers,ProductRelated,244,27,324,3,1,2,-1,0.03703703703703704,0.037037037037037035,25.0,24.65,29,1656,0.017512077294685992
onlineshoppers,ProductRelated,245,28,285,3,1,2,-1,0.03571428571428571,0.035714285714285705,25.0,22.31578947368421,24,1768,0.013574660633484163
onlineshoppers,ProductRelated,246,27,309,2,1,1,-1,0.037037037037037035,0.037037037037037035,26.0,24.047619047619047,29,1680,0.017261904761904763
onlineshoppers,ProductRelated,247,27,322,3,1,1,-1,0.037037037037037035,0.037037037037037035,23.0,23.952380952380953,23,1752,0.013127853881278538
onlineshoppers,ProductRelated,248,26,313,2,1,1,-1,0.03846153846153847,0.03846153846153845,28.5,25.8,28,1650,0.01696969696969697
onlineshoppers,ProductRelated,249,28,316,3,1,3,-1,0.03571428571428572,0.03571428571428571,20.0,22.608695652173914,29,1754,0.01653363740022805
onlineshoppers,ProductRelated,250,26,344,2,1,1,-1,0.038461538461538464,0.03846153846153846,29.0,26.63157894736842,30,1916,0.015657620041753653
onlineshoppers,ProductRelated,251,28,335,3,1,1,-1,0.035714285714285705,0.03571428571428571,21.0,24.142857142857142,30,1816,0.016519823788546256
onlineshoppers,ProductRelated,252,28,317,3,1,1,-1,0.03571428571428571,0.03571428571428573,22.0,22.8,29,1634,0.017747858017135864
onlineshoppers,ProductRelated,253,27,291,3,1,2,-1,0.03703703703703704,0.037037037037037035,17.0,21.857142857142858,31,1684,0.01840855106888361
onlineshoppers,ProductRelated,254,27,314,3,1,2,-1,0.037037037037037035,0.037037037037037035,28.0,24.727272727272727,25,1904,0.013130252100840336
onlineshoppers,ProductRelated,255,27,284,3,1,2,-1,0.037037037037037035,0.037037037037037035,23.0,21.727272727272727,28,1526,0.01834862385321101
onlineshoppers,ProductRelated,256,28,326,3,1,1,-1,0.03571428571428572,0.03571428571428571,24.5,24.2,27,1734,0.015570934256055362
onlineshoppers,ProductRelated,257,27,288,3,1,2,-1,0.03703703703703704,0.037037037037037035,17.5,19.55,25,1800,0.013888888888888888
onlineshoppers,ProductRelated,258,27,311,3,1,2,-1,0.03703703703703704,0.037037037037037035,27.0,24.5,30,1686,0.017793594306049824
onlineshoppers,ProductRelated,259,26,321,2,1,2,-1,0.038461538461538464,0.03846153846153846,24.0,24.043478260869566,28,1956,0.014314928425357873
onlineshoppers,ProductRelated,260,28,328,3,1,2,-1,0.03571428571428571,0.035714285714285705,26.5,24.363636363636363,31,1694,0.01829988193624557
onlineshoppers,ProductRelated,261,27,327,3,1,1,-1,0.037037037037037035,0.037037037037037035,22.5,23.35,27,1752,0.015410958904109588
onlineshoppers,ProductRelated,262,27,275,3,1,1,-1,0.037037037037037035,0.037037037037037035,27.0,21.157894736842106,28,1834,0.015267175572519083
onlineshoppers,ProductRelated,263,27,300,3,1,1,-1,0.03703703703703703,0.03703703703703703,17.0,20.38095238095238,24,1656,0.014492753623188406
onlineshoppers,ProductRelated,264,27,313,3,1,2,-1,0.037037037037037035,0.037037037037037035,22.5,23.833333333333332,26,1676,0.015513126491646777
onlineshoppers,ProductRelated,265,27,277,3,1,1,-1,0.037037037037037035,0.03703703703703704,15.0,19.09090909090909,26,1514,0.017173051519154558
onlineshoppers,ProductRelated,266,28,300,3,1,4,-1,0.03571428571428571,0.03571428571428571,28.0,21.666666666666668,32,1664,0.019230769230769232
onlineshoppers,ProductRelated,267,28,333,3,1,1,-1,0.035714285714285705,0.03571428571428571,20.0,22.772727272727273,26,1796,0.014476614699331848
onlineshoppers,ProductRelated,268,28,315,3,1,1,-1,0.03571428571428572,0.03571428571428571,24.5,23.625,24,1688,0.014218009478672985
onlineshoppers,ProductRelated,269,26,318,2,1,1,-1,0.038461538461538464,0.038461538461538464,24.5,24.4,24,1690,0.014201183431952662
onlineshoppers,ProductRelated,270,27,351,3,1,1,-1,0.037037037037037035,0.037037037037037035,25.5,25.318181818181817,24,1856,0.01293103448275862
onlineshoppers,ProductRelated,271,27,323,3,1,2,-1,0.037037037037037035,0.037037037037037056,26.0,24.75,26,1712,0.015186915887850467
onlineshoppers,ProductRelated,272,27,300,3,1,2,-1,0.03703703703703704,0.037037037037037035,26.0,22.894736842105264,27,1756,0.015375854214123007
onlineshoppers,ProductRelated,273,27,319,3,1,1,-1,0.037037037037037035,0.03703703703703703,29.0,24.38095238095238,33,1742,0.01894374282433984
onlineshoppers,ProductRelated,274,26,327,3,1,2,-1,0.03846153846153845,0.03846153846153847,21.0,24.0,27,1860,0.014516129032258065
onlineshoppers,ProductRelated,275,27,294,3,1,1,-1,0.037037037037037035,0.037037037037037035,26.0,23.0,22,1660,0.01325301204819277
onlineshoppers,ProductRelated,276,28,310,3,1,3,-1,0.03571428571428573,0.03571428571428572,24.0,22.904761904761905,28,1824,0.015350877192982455
onlineshoppers,ProductRelated,277,27,297,3,1,2,-1,0.037037037037037035,0.037037037037037035,24.0,21.473684210526315,25,1656,0.015096618357487922
onlineshoppers,ProductRelated,278,26,305,2,1,1,-1,0.03846153846153846,0.03846153846153847,27.5,24.227272727272727,29,1560,0.01858974358974359
onlineshoppers,ProductRelated,279,27,318,3,1,1,-1,0.037037037037037035,0.037037037037037035,24.0,23.238095238095237,34,1960,0.017346938775510204
onlineshoppers,ProductRelated,280,27,329,3,1,2,-1,0.037037037037037035,0.037037037037037035,22.0,23.5,27,1684,0.016033254156769598
onlineshoppers,ProductRelated,281,27,322,3,1,2,-1,0.037037037037037035,0.037037037037037035,28.5,24.875,28,1844,0.015184381778741865
onlineshoppers,ProductRelated,282,27,307,3,1,2,-1,0.03703703703703703,0.037037037037037035,20.0,23.095238095238095,26,1790,0.01452513966480447
onlineshoppers,ProductRelated,283,28,280,3,1,3,-1,0.035714285714285705,0.03571428571428572,13.0,18.5,30,1948,0.015400410677618069
onlineshoppers,ProductRelated,284,27,308,3,1,1,-1,0.037037037037037035,0.03703703703703704,23.0,23.842105263157894,26,1612,0.016129032258064516
onlineshoppers,ProductRelated,285,28,309,3,1,2,-1,0.035714285714285705,0.03571428571428571,22.0,20.863636363636363,25,1860,0.013440860215053764
onlineshoppers,ProductRelated,286,27,295,3,1,1,-1,0.03703703703703704,0.03703703703703704,24.0,22.40909090909091,27,1554,0.017374517374517374
onlineshoppers,ProductRelated,287,26,286,3,1,2,-1,0.038461538461538464,0.03846153846153847,27.0,23.952380952380953,21,1816,0.011563876651982379
onlineshoppers,ProductRelated,288,28,333,3,1,2,-1,0.03571428571428571,0.03571428571428571,27.5,24.8,25,1836,0.013616557734204794
onlineshoppers,ProductRelated,289,26,328,3,1,2,-1,0.03846153846153845,0.038461538461538464,24.5,24.0,31,1780,0.01741573033707865
onlineshoppers,ProductRelated,290,27,284,3,1,2,-1,0.03703703703703703,0.037037037037037056,29.0,22.526315789473685,30,1880,0.015957446808510637
onlineshoppers,ProductRelated,291,26,293,3,1,1,-1,0.03846153846153846,0.03846153846153846,27.0,23.842105263157894,27,1676,0.016109785202863963
onlineshoppers,ProductRelated,292,27,318,2,1,1,-1,0.037037037037037035,0.037037037037037035,22.0,22.565217391304348,28,1786,0.015677491601343786
onlineshoppers,ProductRelated,293,28,320,3,1,1,-1,0.03571428571428571,0.03571428571428571,26.0,23.565217391304348,29,1620,0.017901234567901235
onlineshoppers,ProductRelated,294,26,301,3,1,1,-1,0.03846153846153847,0.038461538461538464,20.0,22.59090909090909,24,1716,0.013986013986013986
onlineshoppers,ProductRelated,295,27,311,3,1,1,-1,0.037037037037037035,0.037037037037037035,23.0,20.526315789473685,32,1722,0.018583042973286876
onlineshoppers,ProductRelated,296,28,321,3,1,2,-1,0.03571428571428572,0.03571428571428572,23.5,23.35,31,1678,0.018474374255065554
onlineshoppers,ProductRelated,297,27,324,3,1,1,-1,0.037037037037037035,0.03703703703703703,24.0,22.7,25,1680,0.01488095238095238
onlineshoppers,ProductRelated,298,27,324,2,1,1,-1,0.03703703703703704,0.03703703703703704,27.0,24.823529411764707,30,1710,0.017543859649122806
onlineshoppers,ProductRelated,299,27,324,2,1,2,-1,0.037037037037037035,0.037037037037037035,28.5,25.666666666666668,27,1942,0.013903192584963954
onlineshoppers,ProductRelated_Duration,0,27,319,3,1,2,-1,0.03703703703703704,0.03703703703703703,18.5,21.65,26,1794,0.014492753623188406
onlineshoppers,ProductRelated_Duration,1,28,316,3,1,2,-1,0.03571428571428571,0.035714285714285705,28.5,24.25,28,1850,0.015135135135135135
onlineshoppers,ProductRelated_Duration,2,28,324,2,1,1,-1,0.03571428571428571,0.03571428571428572,23.0,23.571428571428573,28,1806,0.015503875968992248
onlineshoppers,ProductRelated_Duration,3,27,295,3,1,1,-1,0.03703703703703703,0.03703703703703704,26.0,23.0,26,1700,0.015294117647058824
onlineshoppers,ProductRelated_Duration,4,27,335,3,1,2,-1,0.037037037037037035,0.03703703703703704,24.5,24.1,26,1744,0.014908256880733946
onlineshoppers,ProductRelated_Duration,5,27,297,3,1,2,-1,0.037037037037037035,0.037037037037037035,28.0,23.63157894736842,29,1932,0.015010351966873706
onlineshoppers,ProductRelated_Duration,6,27,298,3,1,2,-1,0.037037037037037035,0.03703703703703704,22.0,21.736842105263158,33,1776,0.018581081081081082
onlineshoppers,ProductRelated_Duration,7,25,315,2,1,1,-1,0.039999999999999994,0.039999999999999994,24.0,25.5,29,1784,0.016255605381165918
onlineshoppers,ProductRelated_Duration,8,27,330,3,1,1,-1,0.037037037037037035,0.037037037037037035,24.0,23.55,29,2076,0.013969171483622351
onlineshoppers,ProductRelated_Duration,9,26,308,2,1,1,-1,0.038461538461538464,0.038461538461538464,22.0,23.65,29,1694,0.017119244391971666
onlineshoppers,ProductRelated_Duration,10,26,307,2,1,1,-1,0.038461538461538464,0.03846153846153845,26.0,25.473684210526315,27,1794,0.015050167224080268
onlineshoppers,ProductRelated_Duration,11,25,307,3,1,2,-1,0.04000000000000001,0.04,27.0,23.705882352941178,36,1848,0.01948051948051948
onlineshoppers,ProductRelated_Duration,12,27,324,3,1,1,-1,0.03703703703703704,0.03703703703703703,20.0,22.894736842105264,29,1766,0.01642129105322763
onlineshoppers,ProductRelated_Duration,13,26,309,2,1,1,-1,0.03846153846153846,0.03846153846153847,17.5,21.5,25,1766,0.014156285390713477
onlineshoppers,ProductRelated_Duration,14,27,325,3,1,1,-1,0.037037037037037035,0.037037037037037035,18.0,22.15,25,1666,0.015006002400960384
onlineshoppers,ProductRelated_Duration,15,27,310,3,1,3,-1,0.03703703703703703,0.037037037037037035,23.0,22.57894736842105,27,1982,0.013622603430877902
onlineshoppers,ProductRelated_Duration,16,28,330,3,1,1,-1,0.03571428571428571,0.03571428571428571,20.0,22.857142857142858,25,1812,0.01379690949227373
onlineshoppers,ProductRelated_Duration,17,27,295,3,1,2,-1,0.037037037037037035,0.037037037037037035,18.5,19.863636363636363,29,1740,0.016666666666666666
onlineshoppers,ProductRelated_Duration,18,27,333,3,1,2,-1,0.037037037037037035,0.03703703703703704,27.0,24.88888888888889,25,1774,0.014092446448703494
onlineshoppers,ProductRelated_Duration,19,27,328,3,1,2,-1,0.037037037037037035,0.03703703703703703,28.0,23.705882352941178,24,1848,0.012987012987012988
onlineshoppers,ProductRelated_Duration,20,28,288,3,1,1,-1,0.035714285714285705,0.03571428571428571,22.0,21.11111111111111,28,1818,0.015401540154015401
onlineshoppers,ProductRelated_Duration,21,28,290,3,1,2,-1,0.03571428571428571,0.03571428571428571,18.0,20.761904761904763,33,1768,0.018665158371040724
onlineshoppers,ProductRelated_Duration,22,27,345,3,1,2,-1,0.037037037037037035,0.037037037037037035,27.0,26.285714285714285,29,1836,0.01579520697167756
onlineshoppers,ProductRelated_Duration,23,27,300,3,1,2,-1,0.037037037037037035,0.03703703703703704,30.0,24.3,24,1720,0.013953488372093023
onlineshoppers,ProductRelated_Duration,24,26,314,2,1,1,-1,0.038461538461538464,0.038461538461538464,26.5,24.5,30,1662,0.018050541516245487
onlineshoppers,ProductRelated_Duration,25,27,303,3,1,1,-1,0.037037037037037035,0.037037037037037035,27.0,23.842105263157894,24,1672,0.014354066985645933
onlineshoppers,ProductRelated_Duration,26,27,305,3,1,2,-1,0.037037037037037035,0.037037037037037035,26.0,23.434782608695652,33,2002,0.016483516483516484
onlineshoppers,ProductRelated_Duration,27,27,297,3,1,1,-1,0.037037037037037035,0.03703703703703704,18.5,21.0,24,1840,0.013043478260869565
onlineshoppers,ProductRelated_Duration,28,27,318,3,1,1,-1,0.03703703703703704,0.037037037037037056,25.0,22.647058823529413,26,1784,0.014573991031390135
onlineshoppers,ProductRelated_Duration,29,27,298,3,1,1,-1,0.037037037037037035,0.037037037037037035,26.0,23.842105263157894,28,1624,0.017241379310344827
onlineshoppers,ProductRelated_Duration,30,27,344,2,1,1,-1,0.037037037037037035,0.037037037037037035,23.0,24.529411764705884,23,1872,0.012286324786324786
onlineshoppers,ProductRelated_Duration,31,28,299,3,1,2,-1,0.03571428571428571,0.03571428571428571,25.0,23.476190476190474,30,1914,0.01567398119122257
onlineshoppers,ProductRelated_Duration,32,26,288,4,1,3,-1,0.03846153846153847,0.038461538461538464,24.0,22.043478260869566,29,1790,0.016201117318435754
onlineshoppers,ProductRelated_Duration,33,27,297,3,1,2,-1,0.037037037037037035,0.037037037037037035,27.0,21.842105263157894,24,1918,0.01251303441084463
onlineshoppers,ProductRelated_Duration,34,28,316,3,1,2,-1,0.03571428571428571,0.03571428571428572,21.5,22.75,25,1788,0.013982102908277404
onlineshoppers,ProductRelated_Duration,35,28,331,3,1,1,-1,0.035714285714285705,0.03571428571428573,26.0,24.476190476190474,32,1912,0.016736401673640166
onlineshoppers,ProductRelated_Duration,36,26,299,2,1,1,-1,0.038461538461538464,0.03846153846153845,27.0,24.36842105263158,25,1850,0.013513513513513514
onlineshoppers,ProductRelated_Duration,37,27,302,3,1,1,-1,0.037037037037037035,0.03703703703703704,14.5,20.77777777777778,25,1710,0.014619883040935672
onlineshoppers,ProductRelated_Duration,38,26,285,3,1,2,-1,0.03846153846153847,0.038461538461538464,22.5,22.22222222222222,24,1622,0.014796547472256474
onlineshoppers,ProductRelated_Duration,39,27,332,2,1,1,-1,0.037037037037037035,0.03703703703703704,21.0,23.0,24,1908,0.012578616352201259
onlineshoppers,ProductRelated_Duration,40,27,282,3,1,2,-1,0.03703703703703703,0.037037037037037035,22.5,22.09090909090909,26,1772,0.014672686230248307
onlineshoppers,ProductRelated_Duration,41,26,278,3,1,4,-1,0.03846153846153847,0.03846153846153846,23.5,20.85,30,1846,0.016251354279523293
onlineshoppers,ProductRelated_Duration,42,28,303,3,1,2,-1,0.03571428571428571,0.03571428571428571,21.0,21.0,27,1794,0.015050167224080268
onlineshoppers,ProductRelated_Duration,43,27,317,2,1,1,-1,0.037037037037037035,0.037037037037037035,19.0,22.19047619047619,27,1758,0.015358361774744027
onlineshoppers,ProductRelated_Duration,44,28,311,3,1,2,-1,0.03571428571428571,0.03571428571428571,27.0,22.782608695652176,28,1778,0.015748031496062992
onlineshoppers,ProductRelated_Duration,45,28,304,3,1,2,-1,0.03571428571428571,0.03571428571428572,24.0,22.59090909090909,32,1776,0.018018018018018018
onlineshoppers,ProductRelated_Duration,46,25,302,3,1,1,-1,0.04,0.039999999999999994,26.0,23.42105263157895,27,1646,0.016403402187120292
onlineshoppers,ProductRelated_Duration,47,27,293,3,1,1,-1,0.037037037037037035,0.03703703703703703,24.0,23.043478260869566,26,1586,0.01639344262295082
onlineshoppers,ProductRelated_Duration,48,27,335,3,1,1,-1,0.037037037037037035,0.037037037037037035,24.0,22.476190476190474,31,1796,0.017260579064587972
onlineshoppers,ProductRelated_Duration,49,27,318,3,1,1,-1,0.03703703703703703,0.037037037037037035,25.0,23.3125,23,1664,0.013822115384615384
onlineshoppers,ProductRelated_Duration,50,28,314,3,1,1,-1,0.03571428571428571,0.035714285714285705,28.5,25.0,26,1794,0.014492753623188406
onlineshoppers,ProductRelated_Duration,51,26,327,3,1,1,-1,0.038461538461538464,0.038461538461538464,22.5,23.954545454545453,27,1796,0.015033407572383074
onlineshoppers,ProductRelated_Duration,52,27,344,3,1,2,-1,0.037037037037037035,0.03703703703703703,24.0,25.0,30,1812,0.016556291390728478
onlineshoppers,ProductRelated_Duration,53,27,315,3,1,2,-1,0.037037037037037035,0.037037037037037035,27.0,24.263157894736842,24,1768,0.013574660633484163
onlineshoppers,ProductRelated_Duration,54,26,317,2,1,1,-1,0.03846153846153846,0.03846153846153845,28.0,26.35,25,1710,0.014619883040935672
onlineshoppers,ProductRelated_Duration,55,27,300,3,1,1,-1,0.03703703703703704,0.037037037037037035,17.5,21.85,27,1936,0.013946280991735538
onlineshoppers,ProductRelated_Duration,56,28,313,3,1,2,-1,0.03571428571428572,0.03571428571428571,25.5,22.272727272727273,32,1786,0.01791713325867861
onlineshoppers,ProductRelated_Duration,57,28,287,3,1,2,-1,0.035714285714285705,0.03571428571428571,23.5,21.88888888888889,23,1778,0.012935883014623173
onlineshoppers,ProductRelated_Duration,58,26,310,3,1,2,-1,0.038461538461538464,0.038461538461538464,24.0,23.136363636363637,30,1828,0.016411378555798686
onlineshoppers,ProductRelated_Duration,59,28,312,3,1,3,-1,0.03571428571428571,0.03571428571428571,25.0,23.105263157894736,25,1730,0.014450867052023121
onlineshoppers,ProductRelated_Duration,60,27,325,3,1,2,-1,0.03703703703703703,0.037037037037037035,29.5,25.75,28,1760,0.015909090909090907
onlineshoppers,ProductRelated_Duration,61,27,300,3,1,1,-1,0.037037037037037035,0.037037037037037035,22.5,22.09090909090909,26,1890,0.013756613756613757
onlineshoppers,ProductRelated_Duration,62,28,331,3,1,1,-1,0.03571428571428571,0.03571428571428571,22.0,23.35,26,1750,0.014857142857142857
onlineshoppers,ProductRelated_Duration,63,28,303,3,1,2,-1,0.03571428571428572,0.03571428571428571,23.0,22.0,25,1772,0.014108352144469526
onlineshoppers,ProductRelated_Duration,64,26,329,3,1,1,-1,0.038461538461538464,0.038461538461538464,18.5,22.72222222222222,26,1756,0.014806378132118452
onlineshoppers,ProductRelated_Duration,65,27,308,3,1,1,-1,0.037037037037037035,0.037037037037037035,19.5,22.0,26,1690,0.015384615384615385
onlineshoppers,ProductRelated_Duration,66,25,297,3,1,2,-1,0.04,0.04,28.5,24.15,23,1782,0.012906846240179574
onlineshoppers,ProductRelated_Duration,67,26,297,3,1,2,-1,0.038461538461538464,0.038461538461538464,20.5,22.2,23,1752,0.013127853881278538
onlineshoppers,ProductRelated_Duration,68,28,315,3,1,1,-1,0.03571428571428572,0.03571428571428571,23.0,23.043478260869566,29,1718,0.016880093131548313
onlineshoppers,ProductRelated_Duration,69,28,284,4,1,3,-1,0.03571428571428571,0.03571428571428571,23.0,20.571428571428573,32,1734,0.01845444059976932
onlineshoppers,ProductRelated_Duration,70,28,331,3,1,2,-1,0.03571428571428571,0.03571428571428572,21.5,23.2,28,1980,0.014141414141414142
onlineshoppers,ProductRelated_Duration,71,28,319,3,1,2,-1,0.03571428571428571,0.03571428571428571,19.5,22.2,26,1866,0.013933547695605574
onlineshoppers,ProductRelated_Duration,72,26,330,2,1,1,-1,0.038461538461538464,0.038461538461538464,27.5,25.545454545454547,29,1550,0.01870967741935484
onlineshoppers,ProductRelated_Duration,73,27,337,2,1,1,-1,0.03703703703703703,0.037037037037037035,27.0,26.714285714285715,28,1752,0.01598173515981735
onlineshoppers,ProductRelated_Duration,74,27,288,3,1,1,-1,0.037037037037037035,0.037037037037037035,23.5,21.833333333333332,25,1826,0.013691128148959474
onlineshoppers,ProductRelated_Duration,75,27,318,3,1,2,-1,0.037037037037037035,0.03703703703703703,25.0,23.8,28,1994,0.014042126379137413
onlineshoppers,ProductRelated_Duration,76,27,340,3,1,1,-1,0.037037037037037056,0.03703703703703703,21.0,24.38095238095238,27,1774,0.015219842164599774
onlineshoppers,ProductRelated_Duration,77,28,329,2,1,1,-1,0.03571428571428572,0.03571428571428571,23.0,23.916666666666668,34,1812,0.018763796909492272
onlineshoppers,ProductRelated_Duration,78,28,305,3,1,1,-1,0.03571428571428572,0.03571428571428571,18.0,20.19047619047619,25,1768,0.01414027149321267
onlineshoppers,ProductRelated_Duration,79,26,313,2,1,1,-1,0.038461538461538464,0.03846153846153847,23.5,23.333333333333332,24,1664,0.014423076923076924
onlineshoppers,ProductRelated_Duration,80,28,306,3,1,1,-1,0.03571428571428571,0.03571428571428571,16.0,21.095238095238095,22,1804,0.012195121951219513
onlineshoppers,ProductRelated_Duration,81,27,334,2,1,1,-1,0.03703703703703703,0.037037037037037035,28.5,25.59090909090909,26,2102,0.012369172216936251
onlineshoppers,ProductRelated_Duration,82,26,334,2,1,1,-1,0.03846153846153846,0.03846153846153847,27.0,25.727272727272727,27,1822,0.014818880351262349
onlineshoppers,ProductRelated_Duration,83,27,333,3,1,1,-1,0.037037037037037035,0.037037037037037035,26.0,24.823529411764707,33,1680,0.019642857142857142
onlineshoppers,ProductRelated_Duration,84,28,308,3,1,2,-1,0.03571428571428573,0.035714285714285705,27.5,23.727272727272727,26,1764,0.01473922902494331
onlineshoppers,ProductRelated_Duration,85,26,300,2,1,1,-1,0.03846153846153845,0.03846153846153847,24.0,23.0,30,1784,0.016816143497757848
onlineshoppers,ProductRelated_Duration,86,27,302,2,1,1,-1,0.037037037037037035,0.03703703703703703,16.0,20.789473684210527,28,1598,0.017521902377972465
onlineshoppers,ProductRelated_Duration,87,28,348,3,1,1,-1,0.03571428571428571,0.03571428571428571,25.0,25.666666666666668,27,1852,0.014578833693304536
onlineshoppers,ProductRelated_Duration,88,27,309,3,1,1,-1,0.037037037037037035,0.037037037037037035,18.5,20.2,26,1776,0.01463963963963964
onlineshoppers,ProductRelated_Duration,89,26,303,3,1,1,-1,0.038461538461538464,0.03846153846153846,22.5,22.555555555555557,28,1610,0.017391304347826087
onlineshoppers,ProductRelated_Duration,90,27,301,3,1,2,-1,0.037037037037037035,0.037037037037037035,28.5,24.35,25,1694,0.01475796930342385
onlineshoppers,ProductRelated_Duration,91,27,313,3,1,2,-1,0.037037037037037035,0.037037037037037035,26.5,23.88888888888889,24,1632,0.014705882352941176
onlineshoppers,ProductRelated_Duration,92,27,303,3,1,2,-1,0.03703703703703704,0.037037037037037035,20.5,21.9,29,1736,0.016705069124423964
onlineshoppers,ProductRelated_Duration,93,28,315,3,1,1,-1,0.03571428571428571,0.03571428571428571,20.0,21.88888888888889,29,1716,0.0168997668997669
onlineshoppers,ProductRelated_Duration,94,28,328,3,1,1,-1,0.03571428571428571,0.03571428571428571,24.0,24.05263157894737,22,1800,0.012222222222222223
onlineshoppers,ProductRelated_Duration,95,28,323,3,1,3,-1,0.03571428571428571,0.035714285714285705,22.5,22.11111111111111,26,1696,0.015330188679245283
onlineshoppers,ProductRelated_Duration,96,26,319,3,1,2,-1,0.03846153846153846,0.03846153846153847,21.5,22.85,29,1812,0.016004415011037526
onlineshoppers,ProductRelated_Duration,97,27,279,3,1,2,-1,0.037037037037037035,0.03703703703703703,25.0,22.666666666666668,25,1876,0.013326226012793176
onlineshoppers,ProductRelated_Duration,98,27,340,3,1,1,-1,0.037037037037037035,0.03703703703703703,25.0,25.28,29,1792,0.016183035714285716
onlineshoppers,ProductRelated_Duration,99,27,305,3,1,2,-1,0.037037037037037035,0.03703703703703704,16.5,21.09090909090909,25,1750,0.014285714285714285
onlineshoppers,ProductRelated_Duration,100,27,297,3,1,1,-1,0.037037037037037035,0.03703703703703703,24.0,22.95,29,1786,0.016237402015677492
onlineshoppers,ProductRelated_Duration,101,27,294,3,1,2,-1,0.03703703703703704,0.03703703703703703,20.0,20.761904761904763,29,1800,0.01611111111111111
onlineshoppers,ProductRelated_Duration,102,28,340,3,1,2,-1,0.03571428571428571,0.03571428571428571,20.0,22.130434782608695,36,1704,0.02112676056338028
onlineshoppers,ProductRelated_Duration,103,27,315,3,1,2,-1,0.037037037037037035,0.03703703703703704,28.0,25.285714285714285,28,1718,0.01629802095459837
onlineshoppers,ProductRelated_Duration,104,27,296,3,1,1,-1,0.037037037037037035,0.037037037037037035,28.5,24.0,31,1680,0.018452380952380953
onlineshoppers,ProductRelated_Duration,105,27,305,2,1,1,-1,0.037037037037037035,0.037037037037037035,27.0,24.7,27,1658,0.016284680337756333
onlineshoppers,ProductRelated_Duration,106,26,313,3,1,2,-1,0.03846153846153846,0.03846153846153847,27.5,22.8,25,1802,0.013873473917869035
onlineshoppers,ProductRelated_Duration,107,27,304,3,1,1,-1,0.037037037037037035,0.03703703703703703,25.0,24.058823529411764,23,1722,0.013356562137049941
onlineshoppers,ProductRelated_Duration,108,27,309,3,1,2,-1,0.037037037037037035,0.03703703703703704,28.0,24.15,22,1884,0.01167728237791932
onlineshoppers,ProductRelated_Duration,109,28,327,3,1,1,-1,0.03571428571428571,0.03571428571428571,20.0,22.3,28,1696,0.01650943396226415
onlineshoppers,ProductRelated_Duration,110,28,321,3,1,2,-1,0.035714285714285705,0.03571428571428571,21.5,23.3,29,1830,0.015846994535519125
onlineshoppers,ProductRelated_Duration,111,27,317,3,1,2,-1,0.037037037037037035,0.037037037037037035,27.5,24.444444444444443,30,1780,0.016853932584269662
onlineshoppers,ProductRelated_Duration,112,27,319,3,1,2,-1,0.03703703703703704,0.037037037037037035,29.0,26.36842105263158,28,1796,0.015590200445434299
onlineshoppers,ProductRelated_Duration,113,27,277,3,1,3,-1,0.037037037037037035,0.037037037037037035,23.0,20.263157894736842,28,1760,0.015909090909090907
onlineshoppers,ProductRelated_Duration,114,27,291,3,1,1,-1,0.037037037037037035,0.03703703703703704,20.5,21.90909090909091,28,1582,0.017699115044247787
onlineshoppers,ProductRelated_Duration,115,27,291,3,1,2,-1,0.037037037037037035,0.037037037037037035,15.0,19.27777777777778,27,1840,0.014673913043478261
onlineshoppers,ProductRelated_Duration,116,28,342,3,1,1,-1,0.03571428571428572,0.03571428571428572,27.5,26.1,27,1732,0.01558891454965358
onlineshoppers,ProductRelated_Duration,117,28,326,3,1,1,-1,0.03571428571428571,0.035714285714285705,23.0,23.666666666666668,31,1810,0.01712707182320442
onlineshoppers,ProductRelated_Duration,118,28,357,3,1,1,-1,0.035714285714285705,0.03571428571428571,22.0,23.88235294117647,31,1880,0.01648936170212766
onlineshoppers,ProductRelated_Duration,119,27,323,3,1,2,-1,0.037037037037037035,0.037037037037037035,29.0,25.714285714285715,25,1780,0.014044943820224719
onlineshoppers,ProductRelated_Duration,120,27,294,3,1,2,-1,0.03703703703703704,0.037037037037037035,17.5,20.35,22,1704,0.012910798122065728
onlineshoppers,ProductRelated_Duration,121,27,295,3,1,2,-1,0.037037037037037035,0.037037037037037035,24.5,22.4,25,1828,0.013676148796498906
onlineshoppers,ProductRelated_Duration,122,28,309,3,1,1,-1,0.03571428571428571,0.035714285714285705,19.0,20.31578947368421,29,1862,0.015574650912996778
onlineshoppers,ProductRelated_Duration,123,28,315,3,1,2,-1,0.03571428571428571,0.03571428571428571,20.0,20.952380952380953,26,2050,0.012682926829268294
onlineshoppers,ProductRelated_Duration,124,26,317,3,1,1,-1,0.03846153846153846,0.03846153846153846,28.5,25.5,24,1726,0.013904982618771726
onlineshoppers,ProductRelated_Duration,125,28,327,3,1,1,-1,0.03571428571428571,0.03571428571428572,24.5,24.444444444444443,27,1608,0.016791044776119403
onlineshoppers,ProductRelated_Duration,126,28,295,3,1,3,-1,0.03571428571428572,0.03571428571428571,21.0,20.705882352941178,23,1886,0.012195121951219513
onlineshoppers,ProductRelated_Duration,127,27,291,3,1,2,-1,0.037037037037037035,0.037037037037037056,24.5,22.055555555555557,24,1660,0.014457831325301205
onlineshoppers,ProductRelated_Duration,128,28,327,3,1,1,-1,0.03571428571428571,0.03571428571428571,24.0,23.05263157894737,26,1824,0.01425438596491228
onlineshoppers,ProductRelated_Duration,129,27,333,3,1,1,-1,0.037037037037037035,0.037037037037037035,26.0,24.19047619047619,28,1752,0.01598173515981735
onlineshoppers,ProductRelated_Duration,130,25,307,3,1,2,-1,0.039999999999999994,0.039999999999999994,18.5,21.45,25,1906,0.013116474291710388
onlineshoppers,ProductRelated_Duration,131,27,312,3,1,2,-1,0.03703703703703704,0.037037037037037035,24.0,23.0,26,1862,0.013963480128893663
onlineshoppers,ProductRelated_Duration,132,26,320,2,1,1,-1,0.038461538461538464,0.038461538461538464,27.5,26.0,28,1732,0.016166281755196306
onlineshoppers,ProductRelated_Duration,133,28,314,3,1,2,-1,0.035714285714285705,0.03571428571428572,20.0,22.736842105263158,28,1842,0.01520086862106406
onlineshoppers,ProductRelated_Duration,134,27,309,3,1,1,-1,0.037037037037037035,0.037037037037037035,22.5,21.65,32,1884,0.016985138004246284
onlineshoppers,ProductRelated_Duration,135,28,305,3,1,2,-1,0.03571428571428571,0.03571428571428571,20.0,21.095238095238095,35,1692,0.020685579196217493
onlineshoppers,ProductRelated_Duration,136,25,297,3,1,2,-1,0.04,0.04000000000000001,29.0,25.0,28,1824,0.015350877192982455
onlineshoppers,ProductRelated_Duration,137,27,309,2,1,1,-1,0.037037037037037035,0.03703703703703704,24.0,22.61904761904762,31,1608,0.01927860696517413
onlineshoppers,ProductRelated_Duration,138,27,344,3,1,1,-1,0.037037037037037035,0.037037037037037035,20.0,23.4,36,1716,0.02097902097902098
onlineshoppers,ProductRelated_Duration,139,26,329,2,1,1,-1,0.03846153846153846,0.03846153846153846,26.0,25.571428571428573,25,1716,0.014568764568764568
onlineshoppers,ProductRelated_Duration,140,27,300,3,1,1,-1,0.037037037037037035,0.037037037037037035,20.0,21.842105263157894,27,1698,0.015901060070671377
onlineshoppers,ProductRelated_Duration,141,28,339,3,1,1,-1,0.03571428571428571,0.03571428571428571,26.0,24.38095238095238,28,1908,0.014675052410901468
onlineshoppers,ProductRelated_Duration,142,27,320,3,1,1,-1,0.037037037037037035,0.037037037037037035,25.0,23.85,30,1730,0.017341040462427744
onlineshoppers,ProductRelated_Duration,143,26,312,3,1,2,-1,0.03846153846153846,0.03846153846153845,26.5,24.227272727272727,25,1884,0.01326963906581741
onlineshoppers,ProductRelated_Duration,144,28,333,3,1,1,-1,0.035714285714285705,0.03571428571428571,29.0,26.166666666666668,29,1916,0.015135699373695199
onlineshoppers,ProductRelated_Duration,145,27,323,3,1,2,-1,0.037037037037037035,0.03703703703703704,23.0,22.263157894736842,28,1928,0.014522821576763486
onlineshoppers,ProductRelated_Duration,146,27,321,3,1,1,-1,0.037037037037037035,0.037037037037037035,23.0,23.714285714285715,30,1628,0.018427518427518427
onlineshoppers,ProductRelated_Duration,147,27,313,3,1,2,-1,0.03703703703703704,0.037037037037037035,21.5,22.15,32,1674,0.019115890083632018
onlineshoppers,ProductRelated_Duration,148,26,302,2,1,1,-1,0.03846153846153845,0.03846153846153847,24.0,24.047619047619047,26,1664,0.015625
onlineshoppers,ProductRelated_Duration,149,27,275,3,1,1,-1,0.037037037037037035,0.037037037037037035,21.0,21.4,28,1656,0.016908212560386472
onlineshoppers,ProductRelated_Duration,150,28,299,3,1,2,-1,0.03571428571428571,0.03571428571428572,18.0,20.42105263157895,26,1740,0.014942528735632184
onlineshoppers,ProductRelated_Duration,151,28,298,3,1,2,-1,0.03571428571428571,0.03571428571428572,21.0,21.333333333333332,27,1758,0.015358361774744027
onlineshoppers,ProductRelated_Duration,152,27,336,3,1,1,-1,0.037037037037037035,0.037037037037037035,20.0,22.954545454545453,30,1678,0.017878426698450536
onlineshoppers,ProductRelated_Duration,153,26,320,2,1,1,-1,0.038461538461538464,0.038461538461538464,29.0,25.904761904761905,27,1862,0.014500537056928034
onlineshoppers,ProductRelated_Duration,154,26,321,3,1,2,-1,0.03846153846153846,0.038461538461538464,23.5,23.8,33,1850,0.01783783783783784
onlineshoppers,ProductRelated_Duration,155,27,299,3,1,3,-1,0.03703703703703704,0.03703703703703704,24.5,22.55,41,1702,0.02408930669800235
onlineshoppers,ProductRelated_Duration,156,26,302,3,1,2,-1,0.03846153846153847,0.038461538461538464,24.0,21.8,29,1672,0.017344497607655503
onlineshoppers,ProductRelated_Duration,157,28,332,3,1,2,-1,0.03571428571428571,0.03571428571428571,30.0,26.238095238095237,28,1734,0.016147635524798153
onlineshoppers,ProductRelated_Duration,158,25,303,3,1,2,-1,0.04,0.04,27.5,22.944444444444443,22,1896,0.011603375527426161
onlineshoppers,ProductRelated_Duration,159,28,316,3,1,2,-1,0.03571428571428571,0.03571428571428571,27.5,24.272727272727273,30,1704,0.017605633802816902
onlineshoppers,ProductRelated_Duration,160,26,333,3,1,1,-1,0.03846153846153846,0.038461538461538464,29.0,25.63157894736842,27,1746,0.015463917525773196
onlineshoppers,ProductRelated_Duration,161,27,292,3,1,2,-1,0.037037037037037035,0.03703703703703703,29.0,25.42105263157895,28,1878,0.014909478168264111
onlineshoppers,ProductRelated_Duration,162,26,282,3,1,2,-1,0.03846153846153846,0.03846153846153847,25.0,21.736842105263158,25,1774,0.014092446448703494
onlineshoppers,ProductRelated_Duration,163,27,308,3,1,1,-1,0.037037037037037035,0.037037037037037035,22.5,22.5,29,1738,0.01668584579976985
onlineshoppers,ProductRelated_Duration,164,27,297,3,1,2,-1,0.03703703703703704,0.03703703703703703,23.0,22.25,32,1796,0.017817371937639197
onlineshoppers,ProductRelated_Duration,165,26,284,3,1,2,-1,0.038461538461538464,0.03846153846153845,19.5,20.75,26,1740,0.014942528735632184
onlineshoppers,ProductRelated_Duration,166,28,297,3,1,1,-1,0.03571428571428571,0.035714285714285705,16.5,20.0,28,1706,0.016412661195779603
onlineshoppers,ProductRelated_Duration,167,28,310,3,1,2,-1,0.035714285714285705,0.03571428571428572,24.5,23.0,34,1768,0.019230769230769232
onlineshoppers,ProductRelated_Duration,168,27,313,3,1,2,-1,0.03703703703703703,0.03703703703703704,18.5,20.85,25,1738,0.014384349827387802
onlineshoppers,ProductRelated_Duration,169,27,274,3,1,3,-1,0.037037037037037035,0.03703703703703704,22.5,20.333333333333332,27,1792,0.015066964285714286
onlineshoppers,ProductRelated_Duration,170,28,306,3,1,2,-1,0.03571428571428571,0.03571428571428571,20.0,23.176470588235293,34,1908,0.01781970649895178
onlineshoppers,ProductRelated_Duration,171,27,317,3,1,3,-1,0.037037037037037035,0.037037037037037035,27.0,23.526315789473685,26,1796,0.014476614699331848
onlineshoppers,ProductRelated_Duration,172,28,368,3,1,1,-1,0.03571428571428572,0.03571428571428571,28.0,27.3,28,1878,0.014909478168264111
onlineshoppers,ProductRelated_Duration,173,26,304,3,1,2,-1,0.03846153846153846,0.038461538461538464,22.0,21.57894736842105,27,1802,0.014983351831298557
onlineshoppers,ProductRelated_Duration,174,27,303,3,1,2,-1,0.037037037037037035,0.037037037037037035,26.0,22.61904761904762,24,1816,0.013215859030837005
onlineshoppers,ProductRelated_Duration,175,28,319,3,1,1,-1,0.03571428571428571,0.03571428571428571,20.0,22.045454545454547,24,1716,0.013986013986013986
onlineshoppers,ProductRelated_Duration,176,27,301,3,1,2,-1,0.037037037037037035,0.037037037037037035,20.0,21.157894736842106,29,1870,0.015508021390374332
onlineshoppers,ProductRelated_Duration,177,27,328,2,1,1,-1,0.037037037037037035,0.037037037037037035,24.0,24.095238095238095,27,1740,0.015517241379310345
onlineshoppers,ProductRelated_Duration,178,28,335,3,1,1,-1,0.03571428571428571,0.035714285714285705,20.5,22.5,32,1714,0.01866977829638273
onlineshoppers,ProductRelated_Duration,179,27,322,3,1,1,-1,0.03703703703703704,0.037037037037037035,20.0,21.428571428571427,27,1772,0.015237020316027089
onlineshoppers,ProductRelated_Duration,180,26,285,3,1,2,-1,0.03846153846153847,0.03846153846153847,22.0,21.2,27,1834,0.014721919302071973
onlineshoppers,ProductRelated_Duration,181,26,303,3,1,1,-1,0.038461538461538464,0.038461538461538464,21.5,22.05,28,1614,0.01734820322180917
onlineshoppers,ProductRelated_Duration,182,26,307,3,1,2,-1,0.038461538461538464,0.038461538461538464,23.5,23.05,33,1830,0.018032786885245903
onlineshoppers,ProductRelated_Duration,183,27,294,3,1,4,-1,0.037037037037037035,0.037037037037037035,17.0,19.473684210526315,26,1716,0.015151515151515152
onlineshoppers,ProductRelated_Duration,184,27,300,3,1,1,-1,0.037037037037037035,0.037037037037037035,27.5,23.444444444444443,24,1830,0.013114754098360656
onlineshoppers,ProductRelated_Duration,185,27,342,3,1,1,-1,0.03703703703703704,0.037037037037037035,25.0,25.25,26,1760,0.014772727272727272
onlineshoppers,ProductRelated_Duration,186,27,344,3,1,1,-1,0.037037037037037035,0.037037037037037035,23.0,23.90909090909091,29,2028,0.014299802761341223
onlineshoppers,ProductRelated_Duration,187,27,326,3,1,1,-1,0.037037037037037035,0.037037037037037035,27.0,24.9,28,1846,0.015167930660888408
onlineshoppers,ProductRelated_Duration,188,27,305,3,1,2,-1,0.03703703703703703,0.037037037037037035,24.0,22.333333333333332,33,1694,0.01948051948051948
onlineshoppers,ProductRelated_Duration,189,28,318,3,1,1,-1,0.03571428571428571,0.03571428571428572,19.0,23.19047619047619,29,1934,0.01499482936918304
onlineshoppers,ProductRelated_Duration,190,27,309,3,1,2,-1,0.037037037037037035,0.03703703703703704,23.5,22.90909090909091,29,1630,0.017791411042944787
onlineshoppers,ProductRelated_Duration,191,27,348,2,1,1,-1,0.037037037037037035,0.037037037037037035,24.0,25.05263157894737,28,1834,0.015267175572519083
onlineshoppers,ProductRelated_Duration,192,28,326,3,1,1,-1,0.03571428571428571,0.03571428571428571,29.0,25.0,29,1668,0.01738609112709832
onlineshoppers,ProductRelated_Duration,193,26,331,3,1,1,-1,0.03846153846153845,0.038461538461538464,23.0,23.166666666666668,28,1832,0.015283842794759825
onlineshoppers,ProductRelated_Duration,194,28,327,3,1,1,-1,0.03571428571428571,0.03571428571428572,18.5,20.61111111111111,25,1752,0.014269406392694063
onlineshoppers,ProductRelated_Duration,195,26,330,3,1,2,-1,0.038461538461538464,0.038461538461538464,25.0,24.0,33,1992,0.016566265060240965
onlineshoppers,ProductRelated_Duration,196,27,320,3,1,1,-1,0.037037037037037035,0.037037037037037035,27.5,24.75,27,1726,0.015643105446118192
onlineshoppers,ProductRelated_Duration,197,28,334,3,1,2,-1,0.03571428571428572,0.03571428571428572,20.0,23.2,29,1914,0.015151515151515152
onlineshoppers,ProductRelated_Duration,198,27,321,3,1,1,-1,0.03703703703703703,0.037037037037037035,25.0,24.217391304347824,29,1670,0.017365269461077845
onlineshoppers,ProductRelated_Duration,199,27,312,3,1,3,-1,0.03703703703703703,0.037037037037037035,17.0,20.666666666666668,26,1874,0.013874066168623266
onlineshoppers,ProductRelated_Duration,200,27,312,3,1,3,-1,0.037037037037037035,0.037037037037037035,22.0,21.894736842105264,27,1932,0.013975155279503106
onlineshoppers,ProductRelated_Duration,201,28,325,3,1,1,-1,0.03571428571428571,0.03571428571428571,23.0,23.652173913043477,31,1862,0.01664876476906552
onlineshoppers,ProductRelated_Duration,202,26,306,3,1,2,-1,0.03846153846153845,0.03846153846153847,24.0,23.05263157894737,28,1746,0.016036655211912942
onlineshoppers,ProductRelated_Duration,203,27,345,3,1,1,-1,0.03703703703703703,0.037037037037037035,25.0,24.444444444444443,28,1984,0.014112903225806451
onlineshoppers,ProductRelated_Duration,204,28,330,3,1,2,-1,0.03571428571428571,0.03571428571428571,27.0,25.36842105263158,27,1864,0.014484978540772532
onlineshoppers,ProductRelated_Duration,205,25,313,3,1,2,-1,0.04000000000000001,0.04,24.0,23.904761904761905,30,1726,0.01738122827346466
onlineshoppers,ProductRelated_Duration,206,27,344,2,1,1,-1,0.037037037037037035,0.037037037037037035,25.5,24.8,29,1748,0.016590389016018305
onlineshoppers,ProductRelated_Duration,207,27,332,3,1,1,-1,0.037037037037037035,0.037037037037037035,20.0,23.0,28,1808,0.015486725663716814
onlineshoppers,ProductRelated_Duration,208,28,306,3,1,2,-1,0.03571428571428571,0.03571428571428571,21.5,22.125,26,2014,0.012909632571996028
onlineshoppers,ProductRelated_Duration,209,27,320,2,1,1,-1,0.03703703703703704,0.037037037037037035,26.0,24.57894736842105,32,1684,0.019002375296912115
onlineshoppers,ProductRelated_Duration,210,27,290,3,1,4,-1,0.037037037037037035,0.03703703703703704,25.0,21.8125,28,1800,0.015555555555555555
onlineshoppers,ProductRelated_Duration,211,26,320,2,1,1,-1,0.03846153846153847,0.038461538461538464,22.5,22.9,28,1724,0.016241299303944315
onlineshoppers,ProductRelated_Duration,212,27,339,3,1,1,-1,0.03703703703703703,0.037037037037037035,22.0,24.454545454545453,29,1812,0.016004415011037526
onlineshoppers,ProductRelated_Duration,213,27,314,3,1,1,-1,0.037037037037037035,0.037037037037037035,23.5,22.77777777777778,40,1648,0.024271844660194174
onlineshoppers,ProductRelated_Duration,214,28,291,3,1,1,-1,0.03571428571428571,0.03571428571428572,27.0,21.894736842105264,27,1804,0.014966740576496674
onlineshoppers,ProductRelated_Duration,215,28,286,3,1,2,-1,0.03571428571428571,0.03571428571428571,23.5,21.0,26,1832,0.014192139737991267
onlineshoppers,ProductRelated_Duration,216,27,298,3,1,3,-1,0.03703703703703704,0.037037037037037035,26.5,23.681818181818183,28,1946,0.014388489208633094
onlineshoppers,ProductRelated_Duration,217,27,317,3,1,1,-1,0.03703703703703704,0.037037037037037035,26.5,24.833333333333332,25,1774,0.014092446448703494
onlineshoppers,ProductRelated_Duration,218,27,292,3,1,2,-1,0.03703703703703703,0.037037037037037035,17.0,20.526315789473685,24,1892,0.012684989429175475
onlineshoppers,ProductRelated_Duration,219,28,302,3,1,2,-1,0.03571428571428571,0.03571428571428571,24.0,21.904761904761905,28,1700,0.01647058823529412
onlineshoppers,ProductRelated_Duration,220,27,314,3,1,2,-1,0.037037037037037035,0.037037037037037035,24.5,23.272727272727273,32,1660,0.01927710843373494
onlineshoppers,ProductRelated_Duration,221,28,330,3,1,1,-1,0.03571428571428571,0.03571428571428572,21.0,22.714285714285715,29,1746,0.016609392898052692
onlineshoppers,ProductRelated_Duration,222,27,319,3,1,2,-1,0.03703703703703704,0.037037037037037035,27.5,23.27777777777778,27,1774,0.015219842164599774
onlineshoppers,ProductRelated_Duration,223,27,308,3,1,2,-1,0.03703703703703703,0.037037037037037035,29.0,24.333333333333332,30,1638,0.018315018315018316
onlineshoppers,ProductRelated_Duration,224,27,316,3,1,2,-1,0.037037037037037035,0.037037037037037035,26.0,23.0,26,1766,0.014722536806342015
onlineshoppers,ProductRelated_Duration,225,26,282,3,1,2,-1,0.03846153846153845,0.038461538461538464,20.5,20.75,32,1884,0.016985138004246284
onlineshoppers,ProductRelated_Duration,226,28,324,3,1,2,-1,0.03571428571428571,0.03571428571428571,28.0,24.347826086956523,27,1796,0.015033407572383074
onlineshoppers,ProductRelated_Duration,227,27,281,3,1,4,-1,0.037037037037037035,0.037037037037037035,19.0,20.61904761904762,26,1930,0.013471502590673576
onlineshoppers,ProductRelated_Duration,228,28,309,3,1,1,-1,0.03571428571428572,0.0357142857142857,28.0,24.952380952380953,30,1670,0.017964071856287425
onlineshoppers,ProductRelated_Duration,229,27,290,3,1,3,-1,0.03703703703703704,0.037037037037037035,23.0,20.85,22,1764,0.012471655328798186
onlineshoppers,ProductRelated_Duration,230,27,290,3,1,1,-1,0.037037037037037035,0.03703703703703704,24.0,22.9,26,1692,0.015366430260047281
onlineshoppers,ProductRelated_Duration,231,27,316,3,1,1,-1,0.037037037037037035,0.037037037037037035,21.5,22.227272727272727,34,1666,0.02040816326530612
onlineshoppers,ProductRelated_Duration,232,26,322,2,1,1,-1,0.038461538461538464,0.038461538461538464,27.5,25.954545454545453,25,1692,0.014775413711583925
onlineshoppers,ProductRelated_Duration,233,28,337,3,1,2,-1,0.03571428571428571,0.03571428571428571,22.0,22.666666666666668,28,1832,0.015283842794759825
onlineshoppers,ProductRelated_Duration,234,27,323,2,1,1,-1,0.037037037037037035,0.037037037037037035,24.0,23.5,23,1654,0.013905683192261185
onlineshoppers,ProductRelated_Duration,235,27,317,3,1,2,-1,0.037037037037037035,0.03703703703703703,23.5,22.9,30,1636,0.018337408312958436
onlineshoppers,ProductRelated_Duration,236,27,314,2,1,1,-1,0.037037037037037035,0.03703703703703704,21.0,23.08695652173913,27,1724,0.015661252900232018
onlineshoppers,ProductRelated_Duration,237,27,321,2,1,1,-1,0.03703703703703704,0.03703703703703703,22.0,23.57894736842105,23,1912,0.01202928870292887
onlineshoppers,ProductRelated_Duration,238,26,277,3,1,2,-1,0.03846153846153846,0.03846153846153847,22.5,21.88888888888889,24,1792,0.013392857142857142
onlineshoppers,ProductRelated_Duration,239,28,254,3,1,2,-1,0.03571428571428571,0.03571428571428571,20.0,18.94736842105263,28,1940,0.01443298969072165
onlineshoppers,ProductRelated_Duration,240,27,320,3,1,1,-1,0.037037037037037035,0.037037037037037035,23.0,22.347826086956523,26,1766,0.014722536806342015
onlineshoppers,ProductRelated_Duration,241,26,338,2,1,1,-1,0.038461538461538464,0.038461538461538464,27.0,26.88235294117647,28,1684,0.0166270783847981
onlineshoppers,ProductRelated_Duration,242,26,324,2,1,1,-1,0.03846153846153847,0.03846153846153845,28.0,27.0625,26,1760,0.014772727272727272
onlineshoppers,ProductRelated_Duration,243,27,311,2,1,1,-1,0.03703703703703704,0.037037037037037035,22.5,22.772727272727273,27,1652,0.016343825665859565
onlineshoppers,ProductRelated_Duration,244,27,335,3,1,1,-1,0.037037037037037035,0.037037037037037035,26.0,25.142857142857142,24,1652,0.014527845036319613
onlineshoppers,ProductRelated_Duration,245,27,312,2,1,1,-1,0.037037037037037035,0.037037037037037035,24.0,24.95,27,1652,0.016343825665859565
onlineshoppers,ProductRelated_Duration,246,27,301,3,1,3,-1,0.03703703703703704,0.037037037037037056,23.5,21.88888888888889,26,1916,0.013569937369519834
onlineshoppers,ProductRelated_Duration,247,26,322,3,1,1,-1,0.038461538461538464,0.03846153846153845,25.5,23.3,25,1816,0.013766519823788546
onlineshoppers,ProductRelated_Duration,248,27,318,3,1,1,-1,0.03703703703703703,0.03703703703703704,26.0,24.444444444444443,28,1930,0.014507772020725389
onlineshoppers,ProductRelated_Duration,249,28,295,3,1,1,-1,0.03571428571428573,0.03571428571428571,23.0,22.0,29,1664,0.017427884615384616
onlineshoppers,ProductRelated_Duration,250,27,293,3,1,2,-1,0.037037037037037035,0.037037037037037035,16.5,19.25,27,1740,0.015517241379310345
onlineshoppers,ProductRelated_Duration,251,28,293,3,1,1,-1,0.03571428571428571,0.03571428571428572,21.5,20.9,33,1624,0.020320197044334975
onlineshoppers,ProductRelated_Duration,252,26,312,3,1,2,-1,0.038461538461538464,0.038461538461538464,23.0,24.45,24,1734,0.01384083044982699
onlineshoppers,ProductRelated_Duration,253,27,348,3,1,1,-1,0.03703703703703703,0.03703703703703704,29.0,25.473684210526315,25,2136,0.011704119850187267
onlineshoppers,ProductRelated_Duration,254,26,324,2,1,1,-1,0.038461538461538464,0.038461538461538464,25.0,24.523809523809526,28,1920,0.014583333333333334
onlineshoppers,ProductRelated_Duration,255,28,309,3,1,1,-1,0.03571428571428571,0.035714285714285705,19.0,20.333333333333332,29,1604,0.01807980049875312
onlineshoppers,ProductRelated_Duration,256,28,315,3,1,2,-1,0.035714285714285705,0.03571428571428571,22.0,22.36842105263158,29,1682,0.017241379310344827
onlineshoppers,ProductRelated_Duration,257,28,334,3,1,1,-1,0.035714285714285705,0.0357142857142857,18.0,22.19047619047619,24,1790,0.013407821229050279
onlineshoppers,ProductRelated_Duration,258,26,313,2,1,1,-1,0.038461538461538464,0.03846153846153846,26.0,25.0,31,1736,0.017857142857142856
onlineshoppers,ProductRelated_Duration,259,26,280,3,1,2,-1,0.038461538461538464,0.03846153846153847,17.0,19.72222222222222,24,1662,0.01444043321299639
onlineshoppers,ProductRelated_Duration,260,26,291,3,1,2,-1,0.038461538461538464,0.038461538461538464,16.5,20.35,25,1886,0.013255567338282079
onlineshoppers,ProductRelated_Duration,261,28,303,3,1,3,-1,0.035714285714285705,0.03571428571428571,18.5,21.0,31,1766,0.017553793884484713
onlineshoppers,ProductRelated_Duration,262,28,319,3,1,1,-1,0.035714285714285705,0.03571428571428571,26.5,23.444444444444443,28,1778,0.015748031496062992
onlineshoppers,ProductRelated_Duration,263,28,322,3,1,1,-1,0.035714285714285705,0.03571428571428571,27.0,23.63157894736842,27,2012,0.01341948310139165
onlineshoppers,ProductRelated_Duration,264,27,339,2,1,1,-1,0.037037037037037035,0.037037037037037035,19.0,23.0,35,1844,0.01898047722342733
onlineshoppers,ProductRelated_Duration,265,27,333,3,1,2,-1,0.037037037037037035,0.037037037037037035,21.5,23.0,29,1656,0.017512077294685992
onlineshoppers,ProductRelated_Duration,266,27,312,3,1,1,-1,0.03703703703703704,0.03703703703703703,28.0,24.0,24,1920,0.0125
onlineshoppers,ProductRelated_Duration,267,26,294,3,1,2,-1,0.03846153846153846,0.038461538461538464,19.0,20.35,27,1838,0.014689880304679
onlineshoppers,ProductRelated_Duration,268,27,312,3,1,1,-1,0.037037037037037035,0.03703703703703704,20.0,22.428571428571427,24,1822,0.013172338090010977
onlineshoppers,ProductRelated_Duration,269,26,312,2,1,1,-1,0.03846153846153847,0.03846153846153846,24.0,22.894736842105264,23,1722,0.013356562137049941
onlineshoppers,ProductRelated_Duration,270,28,353,3,1,1,-1,0.03571428571428571,0.03571428571428572,26.0,25.17391304347826,32,1764,0.018140589569160998
onlineshoppers,ProductRelated_Duration,271,27,338,2,1,1,-1,0.03703703703703704,0.03703703703703704,25.0,24.952380952380953,26,2008,0.012948207171314742
onlineshoppers,ProductRelated_Duration,272,27,282,3,1,1,-1,0.03703703703703704,0.037037037037037035,27.0,22.476190476190474,25,1738,0.014384349827387802
onlineshoppers,ProductRelated_Duration,273,28,279,3,1,2,-1,0.03571428571428572,0.03571428571428571,24.0,21.352941176470587,29,1904,0.01523109243697479
onlineshoppers,ProductRelated_Duration,274,27,300,3,1,2,-1,0.03703703703703704,0.03703703703703703,19.0,21.333333333333332,35,1692,0.020685579196217493
onlineshoppers,ProductRelated_Duration,275,27,295,3,1,3,-1,0.037037037037037035,0.037037037037037035,20.5,21.1,33,1728,0.019097222222222224
onlineshoppers,ProductRelated_Duration,276,27,299,3,1,1,-1,0.03703703703703704,0.037037037037037035,19.0,21.095238095238095,28,1628,0.0171990171990172
onlineshoppers,ProductRelated_Duration,277,28,290,3,1,3,-1,0.03571428571428571,0.03571428571428572,20.5,20.45,26,1690,0.015384615384615385
onlineshoppers,ProductRelated_Duration,278,28,283,3,1,1,-1,0.035714285714285705,0.03571428571428571,22.0,20.772727272727273,25,1806,0.013842746400885935
onlineshoppers,ProductRelated_Duration,279,28,312,3,1,2,-1,0.03571428571428571,0.03571428571428571,18.0,21.63157894736842,27,1854,0.014563106796116505
onlineshoppers,ProductRelated_Duration,280,28,339,3,1,1,-1,0.035714285714285705,0.03571428571428571,27.5,25.227272727272727,26,1908,0.013626834381551363
onlineshoppers,ProductRelated_Duration,281,26,308,3,1,2,-1,0.03846153846153846,0.03846153846153846,19.0,22.0,26,1954,0.01330603889457523
onlineshoppers,ProductRelated_Duration,282,28,302,3,1,1,-1,0.03571428571428572,0.03571428571428571,24.0,22.526315789473685,27,1664,0.01622596153846154
onlineshoppers,ProductRelated_Duration,283,28,319,3,1,2,-1,0.035714285714285705,0.03571428571428571,23.0,23.142857142857142,26,2070,0.012560386473429951
onlineshoppers,ProductRelated_Duration,284,27,304,3,1,1,-1,0.03703703703703704,0.03703703703703704,25.0,23.0,28,1694,0.01652892561983471
onlineshoppers,ProductRelated_Duration,285,28,329,3,1,2,-1,0.03571428571428571,0.03571428571428571,22.0,23.523809523809526,31,1864,0.016630901287553648
onlineshoppers,ProductRelated_Duration,286,27,328,3,1,2,-1,0.037037037037037035,0.037037037037037035,21.0,22.63157894736842,24,1938,0.01238390092879257
onlineshoppers,ProductRelated_Duration,287,27,286,3,1,3,-1,0.037037037037037035,0.03703703703703704,19.0,20.363636363636363,27,1776,0.015202702702702704
onlineshoppers,ProductRelated_Duration,288,27,316,3,1,1,-1,0.03703703703703703,0.037037037037037035,24.0,23.25,33,1778,0.01856017997750281
onlineshoppers,ProductRelated_Duration,289,27,309,3,1,2,-1,0.037037037037037035,0.037037037037037035,23.0,22.36842105263158,28,1802,0.01553829078801332
onlineshoppers,ProductRelated_Duration,290,27,333,3,1,1,-1,0.037037037037037035,0.03703703703703703,23.0,23.333333333333332,30,1954,0.015353121801432957
onlineshoppers,ProductRelated_Duration,291,27,298,3,1,2,-1,0.037037037037037035,0.03703703703703704,15.0,20.714285714285715,25,1658,0.015078407720144753
onlineshoppers,ProductRelated_Duration,292,27,306,3,1,2,-1,0.037037037037037035,0.03703703703703704,25.5,22.772727272727273,25,1834,0.013631406761177753
onlineshoppers,ProductRelated_Duration,293,28,330,3,1,2,-1,0.03571428571428572,0.03571428571428571,18.5,21.227272727272727,27,1858,0.014531754574811625
onlineshoppers,ProductRelated_Duration,294,28,321,3,1,1,-1,0.03571428571428571,0.03571428571428572,29.5,24.8,30,1726,0.01738122827346466
onlineshoppers,ProductRelated_Duration,295,27,314,3,1,1,-1,0.03703703703703704,0.037037037037037035,26.0,22.857142857142858,25,1734,0.01441753171856978
onlineshoppers,ProductRelated_Duration,296,27,315,3,1,2,-1,0.037037037037037035,0.037037037037037035,19.0,20.263157894736842,26,1862,0.013963480128893663
onlineshoppers,ProductRelated_Duration,297,28,300,3,1,1,-1,0.03571428571428571,0.035714285714285705,22.0,21.5,29,1558,0.018613607188703467
onlineshoppers,ProductRelated_Duration,298,27,342,3,1,1,-1,0.037037037037037035,0.03703703703703704,30.0,26.285714285714285,25,1768,0.01414027149321267
onlineshoppers,ProductRelated_Duration,299,27,311,3,1,1,-1,0.037037037037037035,0.037037037037037035,21.0,21.904761904761905,39,1816,0.021475770925110133
onlineshoppers,BounceRates,0,26,351,2,1,1,-1,0.03846153846153846,0.03846153846153847,23.0,25.38095238095238,26,2004,0.012974051896207584
onlineshoppers,BounceRates,1,27,323,3,1,3,-1,0.037037037037037035,0.037037037037037035,24.5,23.55,32,1822,0.01756311745334797
onlineshoppers,BounceRates,2,27,263,3,1,2,-1,0.037037037037037035,0.03703703703703704,27.0,22.0,30,1912,0.015690376569037656
onlineshoppers,BounceRates,3,28,289,3,1,2,-1,0.03571428571428572,0.03571428571428571,15.0,18.529411764705884,27,1860,0.014516129032258065
onlineshoppers,BounceRates,4,28,314,3,1,2,-1,0.03571428571428571,0.03571428571428572,25.0,23.681818181818183,30,1966,0.015259409969481181
onlineshoppers,BounceRates,5,27,322,3,1,2,-1,0.037037037037037035,0.03703703703703704,27.0,24.869565217391305,27,1838,0.014689880304679
onlineshoppers,BounceRates,6,27,306,3,1,2,-1,0.037037037037037035,0.037037037037037035,19.0,20.9,29,2014,0.014399205561072492
onlineshoppers,BounceRates,7,28,337,3,1,2,-1,0.03571428571428571,0.03571428571428571,23.0,22.9,32,1960,0.0163265306122449
onlineshoppers,BounceRates,8,28,330,3,1,1,-1,0.03571428571428571,0.03571428571428572,18.0,20.842105263157894,27,1724,0.015661252900232018
onlineshoppers,BounceRates,9,27,316,3,1,1,-1,0.037037037037037035,0.037037037037037035,23.0,22.75,26,1738,0.014959723820483314
onlineshoppers,BounceRates,10,27,306,3,1,2,-1,0.037037037037037035,0.03703703703703703,24.5,23.666666666666668,27,1770,0.015254237288135594
onlineshoppers,BounceRates,11,28,321,3,1,2,-1,0.03571428571428571,0.035714285714285705,27.0,23.473684210526315,27,1674,0.016129032258064516
onlineshoppers,BounceRates,12,27,335,3,1,2,-1,0.037037037037037035,0.03703703703703704,23.5,24.2,28,1992,0.014056224899598393
onlineshoppers,BounceRates,13,28,282,3,1,3,-1,0.03571428571428571,0.03571428571428571,15.0,18.11111111111111,28,1774,0.015783540022547914
onlineshoppers,BounceRates,14,28,340,2,1,1,-1,0.035714285714285705,0.03571428571428571,23.0,25.047619047619047,26,1754,0.014823261117445839
onlineshoppers,BounceRates,15,27,308,3,1,4,-1,0.037037037037037035,0.037037037037037035,24.0,22.526315789473685,28,1930,0.014507772020725389
onlineshoppers,BounceRates,16,26,312,2,1,1,-1,0.038461538461538464,0.038461538461538464,19.0,21.941176470588236,32,1732,0.018475750577367205
onlineshoppers,BounceRates,17,27,295,3,1,2,-1,0.037037037037037035,0.037037037037037035,24.5,23.40909090909091,28,1958,0.014300306435137897
onlineshoppers,BounceRates,18,28,319,3,1,2,-1,0.035714285714285705,0.035714285714285705,26.5,23.944444444444443,31,1714,0.01808634772462077
onlineshoppers,BounceRates,19,27,287,3,1,2,-1,0.03703703703703703,0.037037037037037035,20.5,21.166666666666668,25,1908,0.01310272536687631
onlineshoppers,BounceRates,20,28,317,3,1,3,-1,0.03571428571428572,0.035714285714285705,25.0,23.842105263157894,26,1896,0.013713080168776372
onlineshoppers,BounceRates,21,27,297,3,1,1,-1,0.03703703703703703,0.037037037037037035,20.5,21.4,28,1846,0.015167930660888408
onlineshoppers,BounceRates,22,27,352,3,1,1,-1,0.037037037037037035,0.037037037037037035,26.5,25.833333333333332,27,2120,0.012735849056603774
onlineshoppers,BounceRates,23,28,297,3,1,2,-1,0.03571428571428572,0.03571428571428572,19.0,21.095238095238095,26,1650,0.01575757575757576
onlineshoppers,BounceRates,24,27,318,3,1,2,-1,0.037037037037037035,0.037037037037037035,27.0,23.31578947368421,29,1986,0.01460221550855992
onlineshoppers,BounceRates,25,27,304,3,1,2,-1,0.037037037037037035,0.03703703703703704,28.0,24.11111111111111,29,1752,0.016552511415525113
onlineshoppers,BounceRates,26,26,317,2,1,1,-1,0.03846153846153845,0.038461538461538464,25.5,24.227272727272727,26,1830,0.014207650273224045
onlineshoppers,BounceRates,27,28,319,3,1,1,-1,0.03571428571428571,0.03571428571428571,22.0,21.80952380952381,33,1682,0.019619500594530322
onlineshoppers,BounceRates,28,26,317,3,1,2,-1,0.03846153846153846,0.03846153846153847,18.0,22.166666666666668,29,1952,0.01485655737704918
onlineshoppers,BounceRates,29,27,300,3,1,1,-1,0.03703703703703703,0.03703703703703703,16.0,20.523809523809526,24,1830,0.013114754098360656
onlineshoppers,BounceRates,30,26,328,3,1,1,-1,0.03846153846153846,0.038461538461538464,24.0,24.473684210526315,27,1884,0.014331210191082803
onlineshoppers,BounceRates,31,28,331,3,1,3,-1,0.03571428571428572,0.0357142857142857,25.0,23.0,25,1962,0.0127420998980632
onlineshoppers,BounceRates,32,27,304,3,1,2,-1,0.037037037037037035,0.03703703703703704,22.0,21.72222222222222,31,1812,0.017108167770419427
onlineshoppers,BounceRates,33,27,309,3,1,2,-1,0.03703703703703704,0.037037037037037035,23.0,22.473684210526315,32,2034,0.015732546705998034
onlineshoppers,BounceRates,34,28,323,3,1,1,-1,0.03571428571428571,0.035714285714285705,21.5,23.0,27,1854,0.014563106796116505
onlineshoppers,BounceRates,35,27,347,3,1,1,-1,0.03703703703703704,0.037037037037037035,24.0,25.157894736842106,26,1892,0.013742071881606765
onlineshoppers,BounceRates,36,26,302,3,1,1,-1,0.038461538461538464,0.03846153846153847,30.0,24.94736842105263,33,1744,0.018922018348623854
onlineshoppers,BounceRates,37,27,301,3,1,2,-1,0.03703703703703704,0.037037037037037035,21.0,21.58823529411765,27,1764,0.015306122448979591
onlineshoppers,BounceRates,38,26,298,3,1,1,-1,0.03846153846153846,0.03846153846153846,20.5,21.95,28,1724,0.016241299303944315
onlineshoppers,BounceRates,39,27,289,3,1,2,-1,0.03703703703703704,0.037037037037037035,17.0,19.75,30,1746,0.01718213058419244
onlineshoppers,BounceRates,40,27,332,3,1,1,-1,0.037037037037037035,0.037037037037037035,28.5,24.88888888888889,26,1914,0.013584117032392894
onlineshoppers,BounceRates,41,27,291,3,1,1,-1,0.037037037037037035,0.03703703703703704,16.0,19.59090909090909,27,1744,0.01548165137614679
onlineshoppers,BounceRates,42,26,304,2,1,1,-1,0.03846153846153846,0.038461538461538464,26.0,23.36842105263158,29,1848,0.015692640692640692
onlineshoppers,BounceRates,43,27,314,3,1,2,-1,0.03703703703703704,0.037037037037037035,30.0,26.428571428571427,28,1930,0.014507772020725389
onlineshoppers,BounceRates,44,28,312,3,1,2,-1,0.03571428571428572,0.03571428571428572,20.0,21.526315789473685,33,1756,0.01879271070615034
onlineshoppers,BounceRates,45,28,334,3,1,2,-1,0.0357142857142857,0.03571428571428572,30.5,25.1,24,1868,0.01284796573875803
onlineshoppers,BounceRates,46,27,314,2,1,1,-1,0.037037037037037035,0.037037037037037035,21.0,22.6,29,1776,0.01632882882882883
onlineshoppers,BounceRates,47,27,332,3,1,1,-1,0.03703703703703704,0.037037037037037035,19.5,22.75,28,1658,0.016887816646562123
onlineshoppers,BounceRates,48,26,324,3,1,2,-1,0.03846153846153846,0.038461538461538464,22.0,23.157894736842106,29,1754,0.01653363740022805
onlineshoppers,BounceRates,49,26,292,3,1,2,-1,0.03846153846153847,0.038461538461538464,16.5,20.444444444444443,31,1898,0.016332982086406742
onlineshoppers,BounceRates,50,27,333,3,1,1,-1,0.03703703703703704,0.03703703703703703,27.5,24.227272727272727,29,1726,0.016801853997682505
onlineshoppers,BounceRates,51,27,289,3,1,1,-1,0.037037037037037035,0.03703703703703703,16.0,20.3,27,1712,0.015771028037383176
onlineshoppers,BounceRates,52,28,296,3,1,2,-1,0.03571428571428572,0.03571428571428571,22.0,22.133333333333333,26,1752,0.014840182648401826
onlineshoppers,BounceRates,53,25,302,3,1,3,-1,0.04000000000000001,0.04000000000000001,28.0,24.105263157894736,29,2014,0.014399205561072492
onlineshoppers,BounceRates,54,28,336,3,1,1,-1,0.03571428571428571,0.03571428571428571,26.0,24.952380952380953,26,1984,0.01310483870967742
onlineshoppers,BounceRates,55,27,320,2,1,1,-1,0.037037037037037035,0.03703703703703703,23.0,22.88888888888889,25,1744,0.014334862385321102
onlineshoppers,BounceRates,56,26,304,3,1,2,-1,0.03846153846153847,0.038461538461538464,24.5,22.444444444444443,33,1804,0.018292682926829267
onlineshoppers,BounceRates,57,27,298,3,1,2,-1,0.03703703703703704,0.037037037037037035,24.0,22.217391304347824,28,1718,0.01629802095459837
onlineshoppers,BounceRates,58,26,314,3,1,1,-1,0.03846153846153845,0.038461538461538464,26.5,24.75,24,1890,0.012698412698412698
onlineshoppers,BounceRates,59,27,309,3,1,1,-1,0.037037037037037035,0.037037037037037035,21.0,22.5,26,1686,0.01542111506524318
onlineshoppers,BounceRates,60,28,305,3,1,1,-1,0.03571428571428571,0.03571428571428572,19.5,21.545454545454547,29,1600,0.018125
onlineshoppers,BounceRates,61,26,324,3,1,1,-1,0.038461538461538464,0.03846153846153846,30.5,25.7,26,1798,0.014460511679644048
onlineshoppers,BounceRates,62,27,331,3,1,1,-1,0.037037037037037035,0.03703703703703703,30.0,24.88235294117647,32,1842,0.01737242128121607
onlineshoppers,BounceRates,63,28,304,3,1,2,-1,0.03571428571428571,0.03571428571428572,27.0,22.75,28,1752,0.01598173515981735
onlineshoppers,BounceRates,64,26,321,2,1,1,-1,0.03846153846153846,0.038461538461538464,27.5,26.22222222222222,28,1744,0.016055045871559634
onlineshoppers,BounceRates,65,26,292,2,1,2,-1,0.038461538461538464,0.038461538461538464,18.0,22.473684210526315,30,2178,0.013774104683195593
onlineshoppers,BounceRates,66,27,309,3,1,1,-1,0.037037037037037035,0.03703703703703703,23.5,22.65,29,1882,0.015409139213602551
onlineshoppers,BounceRates,67,27,335,2,1,1,-1,0.037037037037037035,0.03703703703703703,26.0,24.94736842105263,28,1890,0.014814814814814815
onlineshoppers,BounceRates,68,27,307,3,1,1,-1,0.03703703703703704,0.037037037037037056,26.0,23.6,25,2058,0.012147716229348883
onlineshoppers,BounceRates,69,28,293,3,1,3,-1,0.035714285714285705,0.03571428571428572,21.0,21.35,29,1870,0.015508021390374332
onlineshoppers,BounceRates,70,26,277,3,1,2,-1,0.03846153846153847,0.03846153846153847,17.0,20.1875,27,1804,0.014966740576496674
onlineshoppers,BounceRates,71,28,305,3,1,1,-1,0.03571428571428571,0.03571428571428571,17.0,20.1,25,1642,0.015225334957369063
onlineshoppers,BounceRates,72,27,319,3,1,1,-1,0.037037037037037035,0.037037037037037035,22.0,23.333333333333332,29,1740,0.016666666666666666
onlineshoppers,BounceRates,73,28,312,3,1,1,-1,0.03571428571428571,0.035714285714285705,18.0,22.4,29,1758,0.016496018202502846
onlineshoppers,BounceRates,74,27,303,3,1,3,-1,0.037037037037037035,0.03703703703703704,27.0,24.75,31,1758,0.01763367463026166
onlineshoppers,BounceRates,75,27,325,3,1,1,-1,0.037037037037037035,0.037037037037037035,25.0,24.058823529411764,27,2088,0.01293103448275862
onlineshoppers,BounceRates,76,27,344,2,1,1,-1,0.03703703703703704,0.037037037037037035,21.5,23.772727272727273,30,1746,0.01718213058419244
onlineshoppers,BounceRates,77,27,345,3,1,1,-1,0.03703703703703704,0.037037037037037035,27.0,24.736842105263158,26,1696,0.015330188679245283
onlineshoppers,BounceRates,78,27,324,3,1,2,-1,0.03703703703703704,0.03703703703703704,23.0,23.65,33,1926,0.017133956386292833
onlineshoppers,BounceRates,79,27,297,3,1,3,-1,0.037037037037037035,0.037037037037037035,26.0,22.95,27,1832,0.014737991266375546
onlineshoppers,BounceRates,80,28,323,3,1,1,-1,0.035714285714285705,0.03571428571428571,25.0,24.65,30,2030,0.014778325123152709
onlineshoppers,BounceRates,81,28,288,3,1,2,-1,0.03571428571428572,0.03571428571428572,18.0,20.526315789473685,30,1776,0.016891891891891893
onlineshoppers,BounceRates,82,27,312,3,1,1,-1,0.037037037037037035,0.037037037037037035,28.0,24.714285714285715,31,1676,0.018496420047732696
onlineshoppers,BounceRates,83,28,320,3,1,2,-1,0.03571428571428572,0.035714285714285705,25.0,23.47826086956522,28,1858,0.015069967707212056
onlineshoppers,BounceRates,84,28,284,3,1,2,-1,0.03571428571428571,0.03571428571428571,29.0,23.333333333333332,26,1828,0.014223194748358862
onlineshoppers,BounceRates,85,27,314,3,1,1,-1,0.037037037037037035,0.03703703703703703,20.0,22.857142857142858,35,1686,0.020759193357058125
onlineshoppers,BounceRates,86,26,307,3,1,2,-1,0.03846153846153847,0.038461538461538464,28.5,25.25,32,1924,0.016632016632016633
onlineshoppers,BounceRates,87,27,334,2,1,1,-1,0.03703703703703703,0.037037037037037035,22.0,24.523809523809526,24,1848,0.012987012987012988
onlineshoppers,BounceRates,88,27,301,3,1,2,-1,0.03703703703703704,0.03703703703703704,23.0,22.15,25,1820,0.013736263736263736
onlineshoppers,BounceRates,89,27,288,3,1,2,-1,0.03703703703703704,0.037037037037037035,22.5,22.0,27,1922,0.01404786680541103
onlineshoppers,BounceRates,90,28,307,4,1,3,-1,0.03571428571428572,0.03571428571428571,25.5,21.944444444444443,34,1706,0.01992966002344666
onlineshoppers,BounceRates,91,28,292,3,1,1,-1,0.03571428571428571,0.035714285714285705,18.0,19.714285714285715,29,1706,0.016998827667057445
onlineshoppers,BounceRates,92,27,305,3,1,2,-1,0.037037037037037035,0.03703703703703703,23.0,22.904761904761905,27,1770,0.015254237288135594
onlineshoppers,BounceRates,93,27,311,3,1,1,-1,0.03703703703703704,0.037037037037037035,27.0,23.5,26,1710,0.0152046783625731
onlineshoppers,BounceRates,94,27,328,3,1,2,-1,0.037037037037037035,0.03703703703703704,23.0,22.666666666666668,32,1750,0.018285714285714287
onlineshoppers,BounceRates,95,26,293,3,1,1,-1,0.03846153846153847,0.03846153846153847,28.5,24.45,29,1752,0.016552511415525113
onlineshoppers,BounceRates,96,27,282,3,1,1,-1,0.03703703703703703,0.037037037037037035,24.0,22.095238095238095,34,1698,0.020023557126030624
onlineshoppers,BounceRates,97,28,362,3,1,1,-1,0.035714285714285705,0.03571428571428572,26.0,26.545454545454547,27,1998,0.013513513513513514
onlineshoppers,BounceRates,98,25,296,3,1,2,-1,0.04,0.04,24.0,22.77777777777778,27,2076,0.01300578034682081
onlineshoppers,BounceRates,99,28,309,3,1,1,-1,0.03571428571428571,0.03571428571428571,24.0,22.19047619047619,22,1768,0.012443438914027148
onlineshoppers,BounceRates,100,26,320,3,1,2,-1,0.03846153846153846,0.038461538461538464,29.0,24.571428571428573,26,1910,0.013612565445026177
onlineshoppers,BounceRates,101,26,296,3,1,2,-1,0.03846153846153847,0.038461538461538464,27.5,23.681818181818183,26,1852,0.014038876889848811
onlineshoppers,BounceRates,102,27,322,3,1,1,-1,0.03703703703703704,0.037037037037037035,20.0,22.428571428571427,32,1718,0.018626309662398137
onlineshoppers,BounceRates,103,26,311,3,1,3,-1,0.038461538461538464,0.038461538461538464,23.5,23.25,31,2036,0.015225933202357564
onlineshoppers,BounceRates,104,26,317,2,1,1,-1,0.03846153846153846,0.03846153846153846,24.0,22.61904761904762,28,1914,0.014629049111807733
onlineshoppers,BounceRates,105,27,291,3,1,2,-1,0.03703703703703703,0.03703703703703703,19.5,20.77777777777778,25,1694,0.01475796930342385
onlineshoppers,BounceRates,106,26,311,3,1,3,-1,0.03846153846153846,0.03846153846153846,26.0,22.217391304347824,29,1968,0.014735772357723578
onlineshoppers,BounceRates,107,28,335,3,1,2,-1,0.03571428571428571,0.03571428571428572,26.5,26.0,27,1890,0.014285714285714285
onlineshoppers,BounceRates,108,28,331,3,1,2,-1,0.035714285714285705,0.03571428571428572,25.5,23.46153846153846,32,1774,0.018038331454340473
onlineshoppers,BounceRates,109,28,341,2,1,2,-1,0.03571428571428571,0.03571428571428571,23.0,23.761904761904763,27,1834,0.014721919302071973
onlineshoppers,BounceRates,110,27,301,2,1,2,-1,0.037037037037037035,0.03703703703703704,17.0,19.636363636363637,27,1720,0.015697674418604653
onlineshoppers,BounceRates,111,27,289,3,1,3,-1,0.03703703703703704,0.037037037037037035,20.5,20.6,27,2042,0.013222331047992164
onlineshoppers,BounceRates,112,27,319,3,1,3,-1,0.037037037037037035,0.037037037037037056,29.0,24.210526315789473,30,2062,0.014548981571290009
onlineshoppers,BounceRates,113,28,286,3,1,2,-1,0.035714285714285705,0.035714285714285705,22.5,22.181818181818183,29,2008,0.01444223107569721
onlineshoppers,BounceRates,114,28,333,3,1,1,-1,0.035714285714285705,0.035714285714285705,23.5,23.125,31,2052,0.015107212475633527
onlineshoppers,BounceRates,115,26,319,3,1,1,-1,0.03846153846153847,0.03846153846153846,19.5,22.8,31,1808,0.017146017699115043
onlineshoppers,BounceRates,116,27,316,3,1,1,-1,0.03703703703703704,0.037037037037037035,26.5,23.818181818181817,35,1768,0.019796380090497737
onlineshoppers,BounceRates,117,27,306,3,1,1,-1,0.037037037037037035,0.037037037037037035,19.0,21.095238095238095,38,1992,0.019076305220883535
onlineshoppers,BounceRates,118,27,346,3,1,1,-1,0.037037037037037035,0.037037037037037035,23.0,24.761904761904763,29,1764,0.016439909297052153
onlineshoppers,BounceRates,119,27,282,3,1,1,-1,0.037037037037037035,0.037037037037037035,19.5,20.22222222222222,34,1872,0.018162393162393164
onlineshoppers,BounceRates,120,27,334,3,1,1,-1,0.037037037037037035,0.03703703703703704,20.0,23.0,24,1998,0.012012012012012012
onlineshoppers,BounceRates,121,26,280,3,1,2,-1,0.038461538461538464,0.038461538461538464,24.0,22.263157894736842,29,1748,0.016590389016018305
onlineshoppers,BounceRates,122,27,291,3,1,1,-1,0.03703703703703703,0.037037037037037035,17.5,20.318181818181817,26,1702,0.01527614571092832
onlineshoppers,BounceRates,123,26,317,3,1,2,-1,0.03846153846153846,0.03846153846153847,25.0,24.210526315789473,31,1896,0.016350210970464137
onlineshoppers,BounceRates,124,26,307,2,1,1,-1,0.038461538461538464,0.03846153846153847,27.0,24.63157894736842,27,1620,0.016666666666666666
onlineshoppers,BounceRates,125,27,290,3,1,2,-1,0.03703703703703703,0.037037037037037035,17.0,20.263157894736842,30,1670,0.017964071856287425
onlineshoppers,BounceRates,126,27,296,3,1,2,-1,0.03703703703703703,0.037037037037037035,23.5,22.4,33,1838,0.017954298150163223
onlineshoppers,BounceRates,127,27,293,3,1,3,-1,0.03703703703703703,0.037037037037037035,21.0,21.27777777777778,26,1826,0.014238773274917854
onlineshoppers,BounceRates,128,28,295,3,1,2,-1,0.03571428571428571,0.03571428571428571,25.0,22.444444444444443,30,2028,0.014792899408284023
onlineshoppers,BounceRates,129,27,295,3,1,2,-1,0.03703703703703704,0.03703703703703704,28.0,22.0,25,1832,0.013646288209606987
onlineshoppers,BounceRates,130,27,335,3,1,1,-1,0.037037037037037035,0.037037037037037035,24.0,24.043478260869566,29,1956,0.014826175869120654
onlineshoppers,BounceRates,131,28,323,3,1,1,-1,0.03571428571428572,0.03571428571428571,20.0,23.0,29,1708,0.016978922716627636
onlineshoppers,BounceRates,132,27,294,3,1,2,-1,0.03703703703703703,0.03703703703703703,25.0,20.714285714285715,34,1832,0.018558951965065504
onlineshoppers,BounceRates,133,28,305,3,1,2,-1,0.03571428571428572,0.03571428571428571,28.0,22.823529411764707,32,1660,0.01927710843373494
onlineshoppers,BounceRates,134,27,338,2,1,1,-1,0.037037037037037035,0.037037037037037035,24.0,24.38095238095238,28,1682,0.016646848989298454
onlineshoppers,BounceRates,135,27,300,3,1,2,-1,0.03703703703703704,0.03703703703703704,19.0,21.105263157894736,36,1962,0.01834862385321101
onlineshoppers,BounceRates,136,27,309,3,1,1,-1,0.037037037037037035,0.03703703703703703,18.0,20.2,25,1732,0.014434180138568129
onlineshoppers,BounceRates,137,27,310,3,1,1,-1,0.037037037037037035,0.037037037037037035,20.5,23.72222222222222,25,1678,0.014898688915375448
onlineshoppers,BounceRates,138,27,297,3,1,1,-1,0.037037037037037035,0.037037037037037035,20.0,21.95,29,1678,0.01728247914183552
onlineshoppers,BounceRates,139,27,312,3,1,2,-1,0.037037037037037035,0.03703703703703703,17.5,21.22222222222222,27,1928,0.014004149377593362
onlineshoppers,BounceRates,140,27,317,3,1,3,-1,0.03703703703703704,0.037037037037037035,23.0,22.789473684210527,24,1748,0.013729977116704805
onlineshoppers,BounceRates,141,26,294,3,1,2,-1,0.038461538461538464,0.038461538461538464,18.0,20.58823529411765,23,1660,0.013855421686746987
onlineshoppers,BounceRates,142,27,302,3,1,3,-1,0.03703703703703703,0.037037037037037035,24.0,21.80952380952381,28,1904,0.014705882352941176
onlineshoppers,BounceRates,143,26,298,3,1,2,-1,0.03846153846153848,0.038461538461538464,27.5,23.0,25,1822,0.013721185510428101
onlineshoppers,BounceRates,144,28,313,3,1,1,-1,0.03571428571428571,0.03571428571428571,21.0,21.352941176470587,34,1754,0.019384264538198404
onlineshoppers,BounceRates,145,27,286,3,1,2,-1,0.037037037037037035,0.037037037037037035,24.0,21.11764705882353,28,1734,0.016147635524798153
onlineshoppers,BounceRates,146,26,290,3,1,2,-1,0.03846153846153845,0.038461538461538464,19.0,21.736842105263158,33,1794,0.01839464882943144
onlineshoppers,BounceRates,147,26,330,2,1,1,-1,0.038461538461538464,0.038461538461538464,25.0,25.63157894736842,31,1744,0.017775229357798166
onlineshoppers,BounceRates,148,27,321,3,1,2,-1,0.037037037037037035,0.037037037037037035,27.5,25.25,28,1934,0.014477766287487074
onlineshoppers,BounceRates,149,27,342,3,1,1,-1,0.037037037037037035,0.037037037037037035,30.5,25.72222222222222,27,1778,0.015185601799775027
onlineshoppers,BounceRates,150,26,288,3,1,2,-1,0.03846153846153847,0.038461538461538464,22.0,21.666666666666668,29,1694,0.017119244391971666
onlineshoppers,BounceRates,151,27,331,3,1,2,-1,0.03703703703703703,0.037037037037037035,21.5,24.3,28,1914,0.014629049111807733
onlineshoppers,BounceRates,152,27,335,2,1,1,-1,0.037037037037037035,0.03703703703703704,20.0,22.095238095238095,26,1964,0.013238289205702648
onlineshoppers,BounceRates,153,26,307,2,1,2,-1,0.038461538461538464,0.03846153846153845,19.5,20.875,26,1728,0.015046296296296295
onlineshoppers,BounceRates,154,27,320,3,1,1,-1,0.037037037037037035,0.03703703703703704,21.0,23.045454545454547,31,1796,0.017260579064587972
onlineshoppers,BounceRates,155,26,299,3,1,3,-1,0.038461538461538464,0.03846153846153845,16.0,20.36842105263158,27,1924,0.014033264033264034
onlineshoppers,BounceRates,156,28,322,3,1,1,-1,0.03571428571428571,0.035714285714285705,27.0,24.095238095238095,30,2030,0.014778325123152709
onlineshoppers,BounceRates,157,27,334,2,1,1,-1,0.037037037037037035,0.037037037037037035,19.5,23.05,28,1766,0.015855039637599093
onlineshoppers,BounceRates,158,27,312,3,1,3,-1,0.037037037037037035,0.03703703703703704,24.5,21.72222222222222,25,1800,0.013888888888888888
onlineshoppers,BounceRates,159,27,342,2,1,1,-1,0.037037037037037035,0.037037037037037035,21.5,23.9,25,1756,0.014236902050113895
onlineshoppers,BounceRates,160,28,307,3,1,1,-1,0.03571428571428571,0.03571428571428572,21.5,21.954545454545453,28,1700,0.01647058823529412
onlineshoppers,BounceRates,161,27,314,3,1,2,-1,0.03703703703703703,0.03703703703703703,19.0,21.80952380952381,31,1740,0.017816091954022988
onlineshoppers,BounceRates,162,27,293,3,1,1,-1,0.037037037037037035,0.037037037037037056,21.0,21.047619047619047,29,1908,0.01519916142557652
onlineshoppers,BounceRates,163,28,302,3,1,3,-1,0.03571428571428572,0.035714285714285705,26.5,22.61111111111111,30,1822,0.01646542261251372
onlineshoppers,BounceRates,164,26,329,2,1,1,-1,0.038461538461538464,0.03846153846153846,26.0,25.15,26,1654,0.015719467956469165
onlineshoppers,BounceRates,165,28,313,3,1,2,-1,0.03571428571428571,0.035714285714285705,26.0,24.38095238095238,28,1984,0.014112903225806451
onlineshoppers,BounceRates,166,28,305,3,1,2,-1,0.03571428571428571,0.03571428571428571,27.0,23.333333333333332,25,1796,0.013919821826280624
onlineshoppers,BounceRates,167,27,375,3,1,1,-1,0.03703703703703704,0.037037037037037035,29.0,27.38095238095238,27,2144,0.012593283582089552
onlineshoppers,BounceRates,168,27,316,3,1,2,-1,0.037037037037037035,0.03703703703703703,22.5,22.65,30,1996,0.01503006012024048
onlineshoppers,BounceRates,169,27,292,3,1,2,-1,0.03703703703703704,0.037037037037037035,24.0,21.857142857142858,30,1648,0.01820388349514563
onlineshoppers,BounceRates,170,26,350,2,1,1,-1,0.03846153846153847,0.03846153846153847,31.5,27.88888888888889,24,1886,0.012725344644750796
onlineshoppers,BounceRates,171,28,311,3,1,1,-1,0.03571428571428572,0.03571428571428572,19.0,21.17391304347826,25,1870,0.013368983957219251
onlineshoppers,BounceRates,172,26,282,3,1,2,-1,0.03846153846153847,0.03846153846153847,21.5,21.35,28,2068,0.013539651837524178
onlineshoppers,BounceRates,173,28,318,3,1,3,-1,0.03571428571428571,0.03571428571428571,21.0,21.523809523809526,28,2046,0.013685239491691105
onlineshoppers,BounceRates,174,28,334,3,1,1,-1,0.03571428571428571,0.035714285714285705,27.5,25.7,30,1768,0.016968325791855202
onlineshoppers,BounceRates,175,26,335,2,1,1,-1,0.038461538461538464,0.038461538461538464,28.5,26.545454545454547,34,1728,0.019675925925925927
onlineshoppers,BounceRates,176,27,304,3,1,2,-1,0.03703703703703704,0.037037037037037035,28.0,23.263157894736842,27,1914,0.014106583072100314
onlineshoppers,BounceRates,177,28,308,3,1,2,-1,0.03571428571428571,0.035714285714285705,20.0,21.238095238095237,30,1786,0.0167973124300112
onlineshoppers,BounceRates,178,28,337,3,1,3,-1,0.03571428571428571,0.03571428571428571,28.0,26.043478260869566,27,2072,0.013030888030888031
onlineshoppers,BounceRates,179,27,343,3,1,2,-1,0.037037037037037035,0.037037037037037035,26.0,24.894736842105264,26,1978,0.01314459049544995
onlineshoppers,BounceRates,180,28,309,3,1,1,-1,0.03571428571428572,0.03571428571428571,24.0,22.142857142857142,25,1724,0.014501160092807424
onlineshoppers,BounceRates,181,26,287,3,1,2,-1,0.038461538461538464,0.03846153846153846,27.0,22.470588235294116,25,1732,0.014434180138568129
onlineshoppers,BounceRates,182,27,281,3,1,4,-1,0.037037037037037035,0.03703703703703704,18.0,20.35,31,1936,0.016012396694214875
onlineshoppers,BounceRates,183,27,322,2,1,1,-1,0.037037037037037035,0.037037037037037035,27.0,24.31578947368421,26,1844,0.014099783080260303
onlineshoppers,BounceRates,184,26,301,2,1,1,-1,0.03846153846153847,0.03846153846153846,27.0,23.952380952380953,26,1806,0.014396456256921373
onlineshoppers,BounceRates,185,27,319,2,1,1,-1,0.037037037037037035,0.037037037037037035,28.0,23.88235294117647,27,1836,0.014705882352941176
onlineshoppers,BounceRates,186,27,273,3,1,1,-1,0.037037037037037035,0.037037037037037035,27.5,21.3125,29,1860,0.015591397849462365
onlineshoppers,BounceRates,187,26,298,3,1,2,-1,0.03846153846153847,0.038461538461538464,26.5,23.40909090909091,28,1834,0.015267175572519083
onlineshoppers,BounceRates,188,26,319,2,1,1,-1,0.03846153846153847,0.03846153846153846,27.0,24.72222222222222,29,1816,0.015969162995594713
onlineshoppers,BounceRates,189,28,308,3,1,3,-1,0.035714285714285705,0.03571428571428571,22.5,21.45,30,1920,0.015625
onlineshoppers,BounceRates,190,27,320,3,1,2,-1,0.037037037037037035,0.037037037037037035,22.0,23.333333333333332,31,1774,0.017474633596392335
onlineshoppers,BounceRates,191,25,304,3,1,2,-1,0.04000000000000001,0.04,30.0,25.944444444444443,27,1878,0.01437699680511182
onlineshoppers,BounceRates,192,26,307,3,1,2,-1,0.03846153846153845,0.03846153846153846,29.5,25.11111111111111,30,1836,0.016339869281045753
onlineshoppers,BounceRates,193,27,308,3,1,1,-1,0.03703703703703704,0.037037037037037035,29.0,24.38888888888889,34,1712,0.01985981308411215
onlineshoppers,BounceRates,194,28,301,3,1,3,-1,0.03571428571428571,0.03571428571428572,28.0,24.19047619047619,33,1810,0.018232044198895028
onlineshoppers,BounceRates,195,28,316,3,1,1,-1,0.03571428571428571,0.035714285714285705,24.0,23.5,29,1762,0.016458569807037457
onlineshoppers,BounceRates,196,26,332,2,1,1,-1,0.03846153846153847,0.038461538461538464,26.0,24.842105263157894,29,1734,0.016724336793540944
onlineshoppers,BounceRates,197,28,324,3,1,2,-1,0.03571428571428572,0.03571428571428571,22.5,21.38888888888889,25,1992,0.012550200803212851
onlineshoppers,BounceRates,198,28,298,3,1,3,-1,0.03571428571428571,0.03571428571428571,23.0,22.68421052631579,27,1762,0.01532349602724177
onlineshoppers,BounceRates,199,27,298,3,1,1,-1,0.037037037037037035,0.03703703703703704,20.5,21.1,32,1818,0.0176017601760176
onlineshoppers,BounceRates,200,27,305,2,1,1,-1,0.037037037037037035,0.037037037037037035,18.0,22.210526315789473,34,1746,0.019473081328751432
onlineshoppers,BounceRates,201,28,313,3,1,2,-1,0.03571428571428571,0.035714285714285705,18.0,20.52,32,1800,0.017777777777777778
onlineshoppers,BounceRates,202,26,315,2,1,1,-1,0.038461538461538464,0.03846153846153847,21.5,22.22222222222222,22,1704,0.012910798122065728
onlineshoppers,BounceRates,203,27,303,3,1,3,-1,0.037037037037037035,0.037037037037037035,19.5,20.875,35,1880,0.018617021276595744
onlineshoppers,BounceRates,204,28,290,3,1,2,-1,0.03571428571428571,0.03571428571428571,25.0,22.083333333333332,32,1922,0.01664932362122789
onlineshoppers,BounceRates,205,28,313,3,1,2,-1,0.03571428571428571,0.03571428571428571,21.5,21.9,27,1678,0.016090584028605484
onlineshoppers,BounceRates,206,28,284,3,1,3,-1,0.03571428571428571,0.03571428571428572,23.0,21.25,27,1748,0.015446224256292907
onlineshoppers,BounceRates,207,27,291,3,1,2,-1,0.037037037037037035,0.037037037037037035,26.0,21.476190476190474,32,1738,0.018411967779056387
onlineshoppers,BounceRates,208,27,306,3,1,2,-1,0.03703703703703703,0.037037037037037035,26.0,23.1,27,1846,0.014626218851570965
onlineshoppers,BounceRates,209,26,312,3,1,2,-1,0.03846153846153845,0.03846153846153845,24.0,24.15,27,1894,0.014255543822597676
onlineshoppers,BounceRates,210,27,296,3,1,3,-1,0.03703703703703704,0.037037037037037056,28.0,23.36842105263158,27,1756,0.015375854214123007
onlineshoppers,BounceRates,211,26,353,2,1,1,-1,0.03846153846153845,0.038461538461538464,25.0,27.210526315789473,34,1784,0.01905829596412556
onlineshoppers,BounceRates,212,28,298,3,1,2,-1,0.03571428571428571,0.03571428571428573,27.0,23.63157894736842,26,1976,0.013157894736842105
onlineshoppers,BounceRates,213,28,296,3,1,1,-1,0.03571428571428571,0.03571428571428571,23.5,22.272727272727273,34,1704,0.01995305164319249
onlineshoppers,BounceRates,214,27,307,3,1,2,-1,0.037037037037037035,0.03703703703703704,19.0,21.333333333333332,28,1828,0.015317286652078774
onlineshoppers,BounceRates,215,27,279,3,1,4,-1,0.037037037037037035,0.037037037037037035,22.0,21.285714285714285,26,2012,0.012922465208747515
onlineshoppers,BounceRates,216,27,312,3,1,2,-1,0.037037037037037056,0.03703703703703704,26.0,23.227272727272727,26,1762,0.014755959137343927
onlineshoppers,BounceRates,217,26,311,3,1,1,-1,0.03846153846153846,0.038461538461538464,18.0,21.857142857142858,27,1916,0.014091858037578288
onlineshoppers,BounceRates,218,27,290,3,1,2,-1,0.037037037037037035,0.037037037037037035,22.0,21.941176470588236,32,1836,0.017429193899782137
onlineshoppers,BounceRates,219,27,311,3,1,2,-1,0.037037037037037035,0.037037037037037035,22.5,22.863636363636363,26,1686,0.01542111506524318
onlineshoppers,BounceRates,220,28,285,3,1,1,-1,0.035714285714285705,0.03571428571428571,14.5,18.5,26,1772,0.014672686230248307
onlineshoppers,BounceRates,221,28,340,3,1,2,-1,0.03571428571428573,0.03571428571428571,22.0,22.695652173913043,26,1688,0.015402843601895734
onlineshoppers,BounceRates,222,26,312,3,1,1,-1,0.03846153846153847,0.03846153846153846,28.0,24.142857142857142,23,1778,0.012935883014623173
onlineshoppers,BounceRates,223,26,301,3,1,1,-1,0.038461538461538464,0.038461538461538464,25.5,22.818181818181817,30,1596,0.018796992481203006
onlineshoppers,BounceRates,224,28,311,3,1,1,-1,0.03571428571428571,0.03571428571428571,18.0,21.523809523809526,28,1850,0.015135135135135135
onlineshoppers,BounceRates,225,26,337,2,1,1,-1,0.03846153846153846,0.03846153846153845,27.0,26.15,23,1944,0.011831275720164609
onlineshoppers,BounceRates,226,28,304,3,1,3,-1,0.03571428571428571,0.03571428571428571,21.5,21.681818181818183,28,1690,0.016568047337278107
onlineshoppers,BounceRates,227,26,305,3,1,2,-1,0.03846153846153846,0.03846153846153847,25.0,23.31578947368421,24,1826,0.013143483023001095
onlineshoppers,BounceRates,228,27,315,2,1,1,-1,0.037037037037037035,0.03703703703703703,26.0,24.833333333333332,39,1686,0.023131672597864767
onlineshoppers,BounceRates,229,28,336,3,1,1,-1,0.035714285714285705,0.03571428571428571,24.0,23.428571428571427,30,1906,0.015739769150052464
onlineshoppers,BounceRates,230,27,288,3,1,2,-1,0.037037037037037035,0.037037037037037035,15.0,19.11764705882353,27,1848,0.01461038961038961
onlineshoppers,BounceRates,231,25,267,3,1,3,-1,0.04,0.04000000000000001,25.0,22.25,26,1740,0.014942528735632184
onlineshoppers,BounceRates,232,26,307,3,1,2,-1,0.03846153846153846,0.03846153846153847,23.0,22.904761904761905,32,1764,0.018140589569160998
onlineshoppers,BounceRates,233,26,306,2,1,1,-1,0.038461538461538464,0.038461538461538464,23.0,23.11764705882353,27,1890,0.014285714285714285
onlineshoppers,BounceRates,234,27,311,3,1,2,-1,0.037037037037037035,0.037037037037037035,19.0,22.25,31,1924,0.016112266112266113
onlineshoppers,BounceRates,235,27,322,3,1,2,-1,0.037037037037037035,0.03703703703703704,21.0,22.904761904761905,28,1994,0.014042126379137413
onlineshoppers,BounceRates,236,26,309,3,1,1,-1,0.038461538461538464,0.038461538461538464,24.0,23.473684210526315,26,1852,0.014038876889848811
onlineshoppers,BounceRates,237,26,312,2,1,1,-1,0.03846153846153846,0.03846153846153845,24.0,24.705882352941178,31,1708,0.018149882903981264
onlineshoppers,BounceRates,238,28,325,3,1,1,-1,0.03571428571428572,0.03571428571428571,26.5,24.375,26,1732,0.015011547344110854
onlineshoppers,BounceRates,239,27,308,3,1,2,-1,0.037037037037037035,0.03703703703703704,22.0,23.0,29,1728,0.01678240740740741
onlineshoppers,BounceRates,240,27,305,3,1,1,-1,0.037037037037037035,0.03703703703703704,20.0,20.5,29,1710,0.01695906432748538
onlineshoppers,BounceRates,241,27,311,3,1,2,-1,0.037037037037037035,0.037037037037037035,22.0,22.75,24,1720,0.013953488372093023
onlineshoppers,BounceRates,242,26,279,3,1,1,-1,0.038461538461538464,0.038461538461538464,24.5,22.3125,30,1634,0.01835985312117503
onlineshoppers,BounceRates,243,27,278,3,1,2,-1,0.037037037037037035,0.03703703703703704,21.0,21.85,26,1742,0.014925373134328358
onlineshoppers,BounceRates,244,27,288,3,1,1,-1,0.037037037037037035,0.037037037037037035,25.0,22.95,28,1728,0.016203703703703703
onlineshoppers,BounceRates,245,28,286,3,1,2,-1,0.03571428571428573,0.035714285714285705,22.0,21.65,29,1666,0.017406962785114045
onlineshoppers,BounceRates,246,27,326,3,1,2,-1,0.03703703703703703,0.037037037037037035,28.5,25.444444444444443,32,1856,0.017241379310344827
onlineshoppers,BounceRates,247,27,329,3,1,1,-1,0.037037037037037035,0.037037037037037035,26.0,24.952380952380953,34,1702,0.0199764982373678
onlineshoppers,BounceRates,248,28,318,3,1,2,-1,0.03571428571428571,0.03571428571428572,23.5,22.791666666666668,30,1868,0.016059957173447537
onlineshoppers,BounceRates,249,27,319,2,1,1,-1,0.03703703703703704,0.037037037037037035,23.0,22.08695652173913,26,1942,0.013388259526261586
onlineshoppers,BounceRates,250,27,306,3,1,2,-1,0.03703703703703704,0.03703703703703703,23.0,21.88888888888889,27,1714,0.01575262543757293
onlineshoppers,BounceRates,251,27,282,3,1,2,-1,0.037037037037037056,0.03703703703703704,24.0,20.473684210526315,31,1708,0.018149882903981264
onlineshoppers,BounceRates,252,28,309,3,1,1,-1,0.035714285714285705,0.03571428571428572,19.0,22.4,28,1600,0.0175
onlineshoppers,BounceRates,253,26,274,3,1,2,-1,0.03846153846153845,0.03846153846153848,21.0,21.956521739130434,25,1828,0.013676148796498906
onlineshoppers,BounceRates,254,27,318,3,1,3,-1,0.037037037037037035,0.03703703703703704,24.0,22.941176470588236,27,1832,0.014737991266375546
onlineshoppers,BounceRates,255,26,319,3,1,1,-1,0.03846153846153846,0.03846153846153847,25.5,24.11111111111111,30,1720,0.01744186046511628
onlineshoppers,BounceRates,256,26,328,2,1,1,-1,0.03846153846153846,0.038461538461538464,23.0,24.94736842105263,31,1776,0.017454954954954954
onlineshoppers,BounceRates,257,27,327,3,1,1,-1,0.037037037037037035,0.03703703703703703,26.0,24.25,31,1846,0.016793066088840736
onlineshoppers,BounceRates,258,27,327,3,1,1,-1,0.037037037037037035,0.03703703703703703,28.0,25.095238095238095,30,1696,0.01768867924528302
onlineshoppers,BounceRates,259,26,302,3,1,2,-1,0.03846153846153846,0.03846153846153846,20.0,22.761904761904763,27,1766,0.015288788221970554
onlineshoppers,BounceRates,260,28,328,3,1,2,-1,0.03571428571428571,0.03571428571428571,28.0,24.210526315789473,26,1882,0.01381509032943677
onlineshoppers,BounceRates,261,27,344,3,1,1,-1,0.037037037037037035,0.037037037037037035,27.0,24.894736842105264,29,1746,0.016609392898052692
onlineshoppers,BounceRates,262,27,289,3,1,2,-1,0.037037037037037035,0.037037037037037035,19.0,20.15,31,1694,0.01829988193624557
onlineshoppers,BounceRates,263,28,294,3,1,2,-1,0.03571428571428571,0.03571428571428571,22.0,21.142857142857142,28,1800,0.015555555555555555
onlineshoppers,BounceRates,264,27,284,3,1,2,-1,0.037037037037037035,0.03703703703703704,25.0,22.142857142857142,27,1870,0.014438502673796792
onlineshoppers,BounceRates,265,28,302,3,1,2,-1,0.035714285714285705,0.03571428571428572,22.0,22.2,26,1738,0.014959723820483314
onlineshoppers,BounceRates,266,27,299,3,1,1,-1,0.037037037037037035,0.037037037037037035,27.0,22.68421052631579,29,1704,0.017018779342723004
onlineshoppers,BounceRates,267,25,260,3,1,2,-1,0.04000000000000001,0.039999999999999994,26.0,20.555555555555557,24,1832,0.013100436681222707
onlineshoppers,BounceRates,268,27,289,3,1,1,-1,0.037037037037037035,0.037037037037037035,26.0,22.636363636363637,37,1664,0.022235576923076924
onlineshoppers,BounceRates,269,27,304,3,1,1,-1,0.03703703703703703,0.03703703703703704,21.0,22.31578947368421,25,1646,0.015188335358444714
onlineshoppers,BounceRates,270,27,323,3,1,2,-1,0.037037037037037035,0.037037037037037035,22.0,23.473684210526315,34,1814,0.018743109151047408
onlineshoppers,BounceRates,271,26,294,3,1,2,-1,0.03846153846153847,0.038461538461538464,22.0,21.36842105263158,31,1982,0.01564076690211907
onlineshoppers,BounceRates,272,26,315,3,1,2,-1,0.03846153846153845,0.03846153846153846,24.0,23.0,27,1850,0.014594594594594595
onlineshoppers,BounceRates,273,26,329,2,1,1,-1,0.03846153846153845,0.038461538461538464,20.5,24.9,33,1878,0.01757188498402556
onlineshoppers,BounceRates,274,28,277,3,1,2,-1,0.035714285714285705,0.03571428571428571,25.0,22.176470588235293,33,1742,0.01894374282433984
onlineshoppers,BounceRates,275,26,322,2,1,1,-1,0.03846153846153847,0.038461538461538464,21.0,23.72222222222222,28,1898,0.014752370916754479
onlineshoppers,BounceRates,276,28,352,3,1,1,-1,0.03571428571428571,0.035714285714285705,23.5,23.833333333333332,31,1720,0.01802325581395349
onlineshoppers,BounceRates,277,27,313,2,1,2,-1,0.03703703703703703,0.03703703703703703,26.0,24.19047619047619,32,1758,0.01820250284414107
onlineshoppers,BounceRates,278,28,302,3,1,2,-1,0.03571428571428572,0.03571428571428571,27.0,24.055555555555557,35,1782,0.01964085297418631
onlineshoppers,BounceRates,279,27,284,3,1,3,-1,0.037037037037037035,0.03703703703703704,18.0,19.65,27,1990,0.013567839195979899
onlineshoppers,BounceRates,280,27,337,3,1,1,-1,0.037037037037037035,0.03703703703703704,27.0,25.476190476190474,26,1916,0.013569937369519834
onlineshoppers,BounceRates,281,27,308,3,1,3,-1,0.03703703703703704,0.03703703703703704,22.0,22.38888888888889,28,2010,0.013930348258706468
onlineshoppers,BounceRates,282,28,317,3,1,1,-1,0.03571428571428572,0.035714285714285705,23.0,23.869565217391305,36,1638,0.02197802197802198
onlineshoppers,BounceRates,283,27,338,3,1,1,-1,0.037037037037037035,0.037037037037037035,25.0,24.166666666666668,31,2084,0.014875239923224568
onlineshoppers,BounceRates,284,28,326,3,1,3,-1,0.03571428571428571,0.03571428571428571,20.5,23.227272727272727,31,2138,0.014499532273152479
onlineshoppers,BounceRates,285,28,337,3,1,1,-1,0.035714285714285705,0.03571428571428571,22.0,23.82608695652174,28,1954,0.014329580348004094
onlineshoppers,BounceRates,286,26,286,3,1,2,-1,0.038461538461538464,0.03846153846153847,17.5,20.1,30,1866,0.01607717041800643
onlineshoppers,BounceRates,287,26,330,2,1,2,-1,0.038461538461538464,0.03846153846153846,22.5,22.944444444444443,31,2098,0.014775977121067683
onlineshoppers,BounceRates,288,27,316,3,1,1,-1,0.03703703703703703,0.03703703703703704,26.5,24.6,33,1712,0.019275700934579438
onlineshoppers,BounceRates,289,27,295,3,1,4,-1,0.037037037037037035,0.03703703703703704,17.5,20.22222222222222,25,1902,0.013144058885383806
onlineshoppers,BounceRates,290,26,308,2,1,1,-1,0.03846153846153846,0.03846153846153847,25.0,24.347826086956523,33,1786,0.018477043673012318
onlineshoppers,BounceRates,291,27,313,3,1,2,-1,0.037037037037037035,0.037037037037037035,26.0,23.428571428571427,28,1668,0.016786570743405275
onlineshoppers,BounceRates,292,27,309,3,1,2,-1,0.03703703703703703,0.037037037037037035,24.0,22.63157894736842,28,1752,0.01598173515981735
onlineshoppers,BounceRates,293,27,335,2,1,2,-1,0.037037037037037035,0.037037037037037035,23.0,24.761904761904763,36,1706,0.021101992966002344
onlineshoppers,BounceRates,294,27,332,3,1,2,-1,0.037037037037037035,0.037037037037037035,28.5,24.772727272727273,25,1778,0.0140607424071991
onlineshoppers,BounceRates,295,27,304,3,1,2,-1,0.03703703703703704,0.037037037037037035,26.0,24.0,34,1788,0.01901565995525727
onlineshoppers,BounceRates,296,27,289,3,1,1,-1,0.037037037037037035,0.037037037037037035,28.0,23.38888888888889,24,1772,0.013544018058690745
onlineshoppers,BounceRates,297,27,284,3,1,3,-1,0.037037037037037035,0.03703703703703704,21.0,21.473684210526315,28,1884,0.014861995753715499
onlineshoppers,BounceRates,298,28,328,3,1,1,-1,0.03571428571428571,0.035714285714285705,23.0,23.25,27,2026,0.01332675222112537
onlineshoppers,BounceRates,299,27,308,2,1,1,-1,0.037037037037037035,0.037037037037037035,18.0,21.523809523809526,31,2032,0.015255905511811024
onlineshoppers,ExitRates,0,26,289,3,1,3,-1,0.03846153846153845,0.038461538461538464,27.0,22.045454545454547,27,1854,0.014563106796116505
onlineshoppers,ExitRates,1,27,343,2,1,1,-1,0.037037037037037035,0.037037037037037035,23.5,24.7,24,1992,0.012048192771084338
onlineshoppers,ExitRates,2,27,296,3,1,1,-1,0.037037037037037035,0.037037037037037035,21.0,22.333333333333332,30,1842,0.016286644951140065
onlineshoppers,ExitRates,3,28,269,3,1,2,-1,0.03571428571428571,0.03571428571428571,22.0,19.666666666666668,36,2030,0.017733990147783252
onlineshoppers,ExitRates,4,26,294,3,1,2,-1,0.038461538461538464,0.03846153846153847,23.0,22.764705882352942,28,1836,0.015250544662309368
onlineshoppers,ExitRates,5,27,345,2,1,1,-1,0.03703703703703704,0.03703703703703704,31.5,28.0,27,2042,0.013222331047992164
onlineshoppers,ExitRates,6,28,287,3,1,2,-1,0.03571428571428571,0.03571428571428572,21.5,21.2,33,2138,0.015434985968194575
onlineshoppers,ExitRates,7,27,323,3,1,2,-1,0.03703703703703704,0.03703703703703703,24.0,21.63157894736842,26,1712,0.015186915887850467
onlineshoppers,ExitRates,8,27,296,3,1,2,-1,0.03703703703703704,0.037037037037037035,26.0,24.19047619047619,24,1750,0.013714285714285714
onlineshoppers,ExitRates,9,27,303,3,1,1,-1,0.037037037037037035,0.037037037037037035,27.0,23.27777777777778,35,1752,0.01997716894977169
onlineshoppers,ExitRates,10,27,328,2,1,1,-1,0.037037037037037035,0.03703703703703703,27.0,26.263157894736842,26,1944,0.013374485596707819
onlineshoppers,ExitRates,11,26,317,2,1,1,-1,0.038461538461538464,0.038461538461538464,20.0,23.58823529411765,27,1716,0.015734265734265736
onlineshoppers,ExitRates,12,27,296,3,1,1,-1,0.037037037037037035,0.03703703703703704,27.0,21.68421052631579,25,1674,0.014934289127837515
onlineshoppers,ExitRates,13,26,339,2,1,1,-1,0.03846153846153847,0.03846153846153846,25.0,24.94736842105263,26,1892,0.013742071881606765
onlineshoppers,ExitRates,14,27,325,3,1,1,-1,0.037037037037037035,0.037037037037037035,21.0,23.333333333333332,29,2018,0.014370664023785926
onlineshoppers,ExitRates,15,26,302,3,1,3,-1,0.038461538461538464,0.03846153846153846,26.0,23.095238095238095,26,1736,0.014976958525345621
onlineshoppers,ExitRates,16,27,306,3,1,3,-1,0.037037037037037035,0.037037037037037035,21.5,22.38888888888889,27,1784,0.015134529147982063
onlineshoppers,ExitRates,17,27,307,3,1,1,-1,0.037037037037037035,0.037037037037037035,26.0,23.40909090909091,29,1716,0.0168997668997669
onlineshoppers,ExitRates,18,28,304,3,1,2,-1,0.035714285714285705,0.035714285714285705,23.5,22.59090909090909,29,1914,0.015151515151515152
onlineshoppers,ExitRates,19,27,319,3,1,2,-1,0.03703703703703703,0.037037037037037035,20.0,22.333333333333332,31,1912,0.016213389121338913
onlineshoppers,ExitRates,20,27,317,3,1,1,-1,0.03703703703703704,0.037037037037037035,17.0,21.714285714285715,27,2036,0.013261296660117878
onlineshoppers,ExitRates,21,26,319,2,1,1,-1,0.03846153846153847,0.03846153846153846,25.5,24.45,28,1684,0.0166270783847981
onlineshoppers,ExitRates,22,27,279,3,1,2,-1,0.037037037037037035,0.037037037037037035,28.0,22.68421052631579,34,1944,0.01748971193415638
onlineshoppers,ExitRates,23,27,293,3,1,2,-1,0.037037037037037035,0.037037037037037035,21.0,21.526315789473685,31,1672,0.01854066985645933
onlineshoppers,ExitRates,24,27,344,3,1,2,-1,0.037037037037037035,0.037037037037037035,27.5,25.4,29,2122,0.013666352497643733
onlineshoppers,ExitRates,25,26,288,3,1,2,-1,0.038461538461538464,0.038461538461538464,26.0,22.68421052631579,31,1724,0.017981438515081206
onlineshoppers,ExitRates,26,27,302,3,1,2,-1,0.037037037037037035,0.037037037037037035,21.0,21.94736842105263,28,1798,0.01557285873192436
onlineshoppers,ExitRates,27,28,294,4,1,3,-1,0.035714285714285705,0.03571428571428571,20.0,20.476190476190474,28,1868,0.014989293361884369
onlineshoppers,ExitRates,28,27,321,3,1,2,-1,0.037037037037037035,0.03703703703703704,19.5,22.35,27,2024,0.0133399209486166
onlineshoppers,ExitRates,29,27,275,4,1,4,-1,0.037037037037037035,0.037037037037037035,16.0,18.31578947368421,29,1848,0.015692640692640692
onlineshoppers,ExitRates,30,28,337,3,1,1,-1,0.03571428571428571,0.03571428571428571,20.0,24.473684210526315,27,1806,0.014950166112956811
onlineshoppers,ExitRates,31,28,271,3,1,6,-1,0.03571428571428571,0.03571428571428571,24.0,20.857142857142858,34,2020,0.016831683168316833
onlineshoppers,ExitRates,32,27,300,3,1,1,-1,0.037037037037037035,0.037037037037037035,23.0,22.863636363636363,26,1752,0.014840182648401826
onlineshoppers,ExitRates,33,26,334,2,1,1,-1,0.03846153846153846,0.038461538461538464,28.5,26.38888888888889,33,1768,0.018665158371040724
onlineshoppers,ExitRates,34,27,297,3,1,2,-1,0.03703703703703704,0.037037037037037035,22.0,21.714285714285715,31,1782,0.01739618406285073
onlineshoppers,ExitRates,35,27,287,3,1,3,-1,0.037037037037037035,0.03703703703703704,25.5,21.944444444444443,27,1794,0.015050167224080268
onlineshoppers,ExitRates,36,26,300,2,1,2,-1,0.038461538461538464,0.03846153846153846,21.5,22.75,28,1712,0.016355140186915886
onlineshoppers,ExitRates,37,26,319,3,1,2,-1,0.038461538461538464,0.038461538461538464,30.0,25.176470588235293,31,2024,0.015316205533596838
onlineshoppers,ExitRates,38,28,338,3,1,1,-1,0.03571428571428572,0.03571428571428571,25.0,24.608695652173914,28,1832,0.015283842794759825
onlineshoppers,ExitRates,39,28,285,3,1,2,-1,0.03571428571428572,0.03571428571428571,24.0,21.68421052631579,30,1948,0.015400410677618069
onlineshoppers,ExitRates,40,27,319,3,1,3,-1,0.03703703703703703,0.03703703703703704,23.0,23.136363636363637,27,1708,0.015807962529274005
onlineshoppers,ExitRates,41,26,286,3,1,2,-1,0.03846153846153847,0.038461538461538464,22.0,21.31578947368421,29,2082,0.013928914505283382
onlineshoppers,ExitRates,42,27,315,3,1,1,-1,0.037037037037037035,0.03703703703703704,22.0,23.523809523809526,27,1878,0.01437699680511182
onlineshoppers,ExitRates,43,24,302,3,1,2,-1,0.041666666666666664,0.041666666666666664,25.5,23.3,25,2024,0.012351778656126482
onlineshoppers,ExitRates,44,27,297,3,1,1,-1,0.037037037037037035,0.037037037037037035,18.5,20.4,30,1756,0.017084282460136675
onlineshoppers,ExitRates,45,27,277,3,1,3,-1,0.037037037037037035,0.037037037037037035,22.0,20.761904761904763,30,2192,0.013686131386861315
onlineshoppers,ExitRates,46,28,270,3,1,2,-1,0.03571428571428571,0.03571428571428572,16.0,19.11764705882353,29,1842,0.015743756786102063
onlineshoppers,ExitRates,47,27,307,3,1,2,-1,0.037037037037037035,0.037037037037037035,19.0,21.94736842105263,24,1792,0.013392857142857142
onlineshoppers,ExitRates,48,28,334,3,1,2,-1,0.03571428571428571,0.03571428571428572,22.0,23.285714285714285,29,2146,0.013513513513513514
onlineshoppers,ExitRates,49,28,297,3,1,2,-1,0.03571428571428571,0.03571428571428571,24.0,22.727272727272727,29,1920,0.015104166666666667
onlineshoppers,ExitRates,50,27,309,3,1,2,-1,0.037037037037037035,0.037037037037037035,23.0,22.333333333333332,36,1666,0.021608643457382955
onlineshoppers,ExitRates,51,28,324,3,1,2,-1,0.03571428571428571,0.03571428571428571,28.0,25.157894736842106,29,1986,0.01460221550855992
onlineshoppers,ExitRates,52,27,289,3,1,1,-1,0.03703703703703704,0.03703703703703704,26.5,21.85,31,1798,0.017241379310344827
onlineshoppers,ExitRates,53,27,285,3,1,2,-1,0.037037037037037035,0.03703703703703704,19.5,20.55,28,1866,0.015005359056806002
onlineshoppers,ExitRates,54,27,289,3,1,3,-1,0.03703703703703704,0.037037037037037035,17.0,20.19047619047619,31,1776,0.017454954954954954
onlineshoppers,ExitRates,55,27,295,3,1,2,-1,0.03703703703703704,0.037037037037037035,16.0,20.952380952380953,31,1678,0.018474374255065554
onlineshoppers,ExitRates,56,27,317,3,1,2,-1,0.037037037037037035,0.03703703703703704,26.0,23.95,26,1774,0.014656144306651634
onlineshoppers,ExitRates,57,27,308,3,1,2,-1,0.037037037037037035,0.037037037037037035,24.0,22.8,28,1788,0.015659955257270694
onlineshoppers,ExitRates,58,27,320,3,1,1,-1,0.037037037037037035,0.03703703703703704,21.5,23.15,32,1742,0.018369690011481057
onlineshoppers,ExitRates,59,27,287,3,1,2,-1,0.03703703703703703,0.037037037037037035,19.0,20.473684210526315,32,1844,0.01735357917570499
onlineshoppers,ExitRates,60,28,330,3,1,1,-1,0.03571428571428571,0.03571428571428571,25.0,22.952380952380953,33,1816,0.01817180616740088
onlineshoppers,ExitRates,61,28,294,3,1,1,-1,0.03571428571428571,0.03571428571428571,23.0,21.727272727272727,27,1852,0.014578833693304536
onlineshoppers,ExitRates,62,27,319,3,1,2,-1,0.037037037037037035,0.03703703703703704,25.0,24.176470588235293,27,1978,0.013650151668351871
onlineshoppers,ExitRates,63,27,286,3,1,1,-1,0.03703703703703704,0.037037037037037035,18.5,21.0,28,1724,0.016241299303944315
onlineshoppers,ExitRates,64,27,322,4,1,3,-1,0.037037037037037035,0.037037037037037035,18.0,21.789473684210527,30,1902,0.015772870662460567
onlineshoppers,ExitRates,65,28,300,3,1,2,-1,0.03571428571428571,0.03571428571428571,27.0,21.904761904761905,33,1740,0.01896551724137931
onlineshoppers,ExitRates,66,27,281,3,1,2,-1,0.037037037037037035,0.03703703703703703,17.0,20.210526315789473,28,1860,0.015053763440860216
onlineshoppers,ExitRates,67,27,294,3,1,1,-1,0.037037037037037035,0.03703703703703704,22.5,22.09090909090909,33,1750,0.018857142857142857
onlineshoppers,ExitRates,68,26,292,3,1,1,-1,0.03846153846153847,0.038461538461538464,26.0,22.4,28,1820,0.015384615384615385
onlineshoppers,ExitRates,69,26,318,3,1,1,-1,0.03846153846153846,0.03846153846153847,27.0,24.2,35,1744,0.020068807339449542
onlineshoppers,ExitRates,70,28,297,3,1,2,-1,0.03571428571428571,0.03571428571428571,16.0,18.88888888888889,29,1702,0.017038777908343124
onlineshoppers,ExitRates,71,27,314,3,1,2,-1,0.037037037037037056,0.037037037037037035,28.0,25.523809523809526,24,1974,0.0121580547112462
onlineshoppers,ExitRates,72,27,317,3,1,1,-1,0.037037037037037035,0.037037037037037035,19.0,22.0,26,1692,0.015366430260047281
onlineshoppers,ExitRates,73,27,331,3,1,1,-1,0.037037037037037035,0.037037037037037035,26.0,23.45,29,1748,0.016590389016018305
onlineshoppers,ExitRates,74,26,289,3,1,1,-1,0.038461538461538464,0.03846153846153845,24.0,21.533333333333335,29,1854,0.01564185544768069
onlineshoppers,ExitRates,75,27,291,3,1,2,-1,0.03703703703703702,0.037037037037037035,25.0,22.1,26,1718,0.015133876600698487
onlineshoppers,ExitRates,76,27,319,3,1,1,-1,0.03703703703703704,0.037037037037037035,27.0,24.857142857142858,24,1788,0.013422818791946308
onlineshoppers,ExitRates,77,28,300,3,1,2,-1,0.03571428571428571,0.03571428571428572,16.0,20.291666666666668,30,1716,0.017482517482517484
onlineshoppers,ExitRates,78,26,293,3,1,3,-1,0.03846153846153845,0.03846153846153846,20.0,21.058823529411764,30,2008,0.014940239043824702
onlineshoppers,ExitRates,79,27,292,3,1,2,-1,0.03703703703703703,0.03703703703703704,20.5,21.272727272727273,29,1914,0.015151515151515152
onlineshoppers,ExitRates,80,27,299,3,1,2,-1,0.03703703703703703,0.037037037037037035,25.0,22.523809523809526,29,1844,0.015726681127982648
onlineshoppers,ExitRates,81,28,298,3,1,2,-1,0.03571428571428572,0.03571428571428571,27.0,23.38095238095238,34,1968,0.017276422764227643
onlineshoppers,ExitRates,82,27,329,3,1,2,-1,0.037037037037037056,0.037037037037037035,25.5,23.727272727272727,29,1852,0.01565874730021598
onlineshoppers,ExitRates,83,26,329,2,1,1,-1,0.038461538461538464,0.03846153846153847,30.0,26.42105263157895,30,1858,0.016146393972012917
onlineshoppers,ExitRates,84,27,334,3,1,2,-1,0.037037037037037035,0.037037037037037035,24.0,23.636363636363637,35,1888,0.018538135593220338
onlineshoppers,ExitRates,85,27,327,3,1,1,-1,0.037037037037037035,0.037037037037037035,19.0,21.42105263157895,31,1954,0.01586489252814739
onlineshoppers,ExitRates,86,27,313,3,1,3,-1,0.037037037037037035,0.03703703703703704,19.5,22.22222222222222,29,1806,0.016057585825027684
onlineshoppers,ExitRates,87,27,307,3,1,1,-1,0.03703703703703704,0.037037037037037035,26.5,23.27777777777778,28,1924,0.014553014553014554
onlineshoppers,ExitRates,88,27,319,3,1,3,-1,0.037037037037037035,0.037037037037037035,23.0,22.571428571428573,28,1774,0.015783540022547914
onlineshoppers,ExitRates,89,26,317,3,1,2,-1,0.038461538461538464,0.038461538461538464,24.5,23.055555555555557,27,1860,0.014516129032258065
onlineshoppers,ExitRates,90,28,285,3,1,2,-1,0.03571428571428571,0.03571428571428571,15.0,20.142857142857142,31,2160,0.014351851851851852
onlineshoppers,ExitRates,91,26,287,3,1,2,-1,0.03846153846153847,0.03846153846153846,24.5,21.555555555555557,34,1742,0.01951779563719862
onlineshoppers,ExitRates,92,28,333,3,1,1,-1,0.03571428571428572,0.03571428571428572,21.0,22.266666666666666,27,1754,0.01539338654503991
onlineshoppers,ExitRates,93,27,319,3,1,3,-1,0.03703703703703703,0.037037037037037035,21.0,22.130434782608695,26,1852,0.014038876889848811
onlineshoppers,ExitRates,94,28,321,3,1,2,-1,0.03571428571428571,0.03571428571428572,29.0,25.105263157894736,32,1828,0.0175054704595186
onlineshoppers,ExitRates,95,27,298,3,1,3,-1,0.037037037037037035,0.03703703703703704,27.0,23.1,30,2090,0.014354066985645933
onlineshoppers,ExitRates,96,28,307,3,1,1,-1,0.03571428571428571,0.03571428571428571,26.5,22.55,31,1728,0.017939814814814815
onlineshoppers,ExitRates,97,27,329,3,1,1,-1,0.037037037037037035,0.037037037037037035,26.0,24.571428571428573,38,1888,0.020127118644067795
onlineshoppers,ExitRates,98,26,284,2,1,2,-1,0.03846153846153845,0.03846153846153845,25.0,22.476190476190474,26,1780,0.014606741573033709
onlineshoppers,ExitRates,99,27,296,3,1,2,-1,0.037037037037037035,0.037037037037037035,30.0,24.57894736842105,25,1956,0.01278118609406953
onlineshoppers,ExitRates,100,27,285,3,1,2,-1,0.037037037037037035,0.037037037037037035,23.0,21.85,24,1842,0.013029315960912053
onlineshoppers,ExitRates,101,27,335,3,1,2,-1,0.037037037037037035,0.03703703703703704,29.5,26.272727272727273,31,1830,0.016939890710382512
onlineshoppers,ExitRates,102,26,317,2,1,1,-1,0.03846153846153847,0.03846153846153846,20.0,23.38888888888889,27,1754,0.01539338654503991
onlineshoppers,ExitRates,103,28,318,3,1,1,-1,0.03571428571428571,0.03571428571428571,28.0,23.272727272727273,31,1792,0.017299107142857144
onlineshoppers,ExitRates,104,28,303,3,1,2,-1,0.03571428571428571,0.03571428571428571,27.0,23.944444444444443,26,1898,0.0136986301369863
onlineshoppers,ExitRates,105,27,312,3,1,3,-1,0.037037037037037035,0.037037037037037035,26.0,24.304347826086957,28,1950,0.014358974358974359
onlineshoppers,ExitRates,106,28,294,4,1,3,-1,0.03571428571428571,0.03571428571428571,20.5,19.791666666666668,27,1814,0.014884233737596472
onlineshoppers,ExitRates,107,27,290,3,1,1,-1,0.037037037037037035,0.037037037037037035,21.0,21.0,25,1726,0.014484356894553883
onlineshoppers,ExitRates,108,28,347,3,1,3,-1,0.03571428571428571,0.03571428571428571,25.0,23.285714285714285,29,1998,0.014514514514514515
onlineshoppers,ExitRates,109,27,276,3,1,2,-1,0.03703703703703703,0.037037037037037035,14.0,19.066666666666666,29,1698,0.01707891637220259
onlineshoppers,ExitRates,110,27,287,3,1,1,-1,0.037037037037037035,0.037037037037037035,20.0,20.523809523809526,30,1932,0.015527950310559006
onlineshoppers,ExitRates,111,28,309,3,1,3,-1,0.03571428571428571,0.03571428571428572,26.5,23.363636363636363,36,1906,0.01888772298006296
onlineshoppers,ExitRates,112,27,296,3,1,1,-1,0.037037037037037035,0.037037037037037035,28.0,23.263157894736842,27,1786,0.015117581187010079
onlineshoppers,ExitRates,113,27,293,3,1,2,-1,0.037037037037037035,0.03703703703703704,16.5,19.9375,30,1830,0.01639344262295082
onlineshoppers,ExitRates,114,26,299,3,1,2,-1,0.038461538461538464,0.03846153846153845,24.0,22.666666666666668,27,2036,0.013261296660117878
onlineshoppers,ExitRates,115,28,312,3,1,2,-1,0.035714285714285705,0.03571428571428571,23.0,23.38888888888889,29,1978,0.014661274014155713
onlineshoppers,ExitRates,116,26,298,3,1,2,-1,0.03846153846153845,0.038461538461538464,21.5,22.55,29,1768,0.016402714932126698
onlineshoppers,ExitRates,117,26,299,3,1,2,-1,0.03846153846153846,0.03846153846153846,19.0,22.238095238095237,26,1892,0.013742071881606765
onlineshoppers,ExitRates,118,28,306,3,1,1,-1,0.03571428571428571,0.03571428571428571,24.0,22.571428571428573,33,1730,0.01907514450867052
onlineshoppers,ExitRates,119,28,306,3,1,1,-1,0.03571428571428571,0.03571428571428571,27.0,22.857142857142858,36,1802,0.01997780244173141
onlineshoppers,ExitRates,120,27,287,3,1,2,-1,0.03703703703703704,0.03703703703703703,24.0,21.47826086956522,33,1754,0.018814139110604332
onlineshoppers,ExitRates,121,26,294,3,1,1,-1,0.038461538461538464,0.038461538461538464,22.0,22.11764705882353,27,1792,0.015066964285714286
onlineshoppers,ExitRates,122,28,308,3,1,2,-1,0.03571428571428571,0.035714285714285705,23.0,21.8,26,1856,0.014008620689655173
onlineshoppers,ExitRates,123,26,318,3,1,1,-1,0.03846153846153847,0.03846153846153845,29.5,24.9,27,1730,0.01560693641618497
onlineshoppers,ExitRates,124,27,288,3,1,5,-1,0.03703703703703702,0.037037037037037035,27.5,23.5625,25,1896,0.013185654008438819
onlineshoppers,ExitRates,125,27,320,3,1,1,-1,0.03703703703703703,0.037037037037037035,27.0,24.166666666666668,35,1880,0.018617021276595744
onlineshoppers,ExitRates,126,28,342,3,1,1,-1,0.03571428571428571,0.03571428571428571,23.0,24.166666666666668,27,1894,0.014255543822597676
onlineshoppers,ExitRates,127,28,316,3,1,1,-1,0.03571428571428571,0.03571428571428571,25.0,23.043478260869566,28,1714,0.01633605600933489
onlineshoppers,ExitRates,128,27,280,4,1,4,-1,0.03703703703703704,0.037037037037037035,22.0,21.36842105263158,28,1962,0.014271151885830785
onlineshoppers,ExitRates,129,26,304,2,1,1,-1,0.03846153846153846,0.038461538461538464,27.0,25.352941176470587,29,1730,0.01676300578034682
onlineshoppers,ExitRates,130,28,297,3,1,5,-1,0.03571428571428572,0.035714285714285705,28.0,22.238095238095237,32,1940,0.016494845360824743
onlineshoppers,ExitRates,131,28,351,3,1,1,-1,0.03571428571428571,0.03571428571428571,22.0,23.75,27,1948,0.013860369609856264
onlineshoppers,ExitRates,132,26,332,2,1,1,-1,0.038461538461538464,0.03846153846153846,25.0,24.842105263157894,39,1920,0.0203125
onlineshoppers,ExitRates,133,28,324,3,1,1,-1,0.03571428571428571,0.03571428571428571,26.0,24.45,26,1708,0.01522248243559719
onlineshoppers,ExitRates,134,28,304,3,1,3,-1,0.035714285714285705,0.03571428571428571,23.0,22.19047619047619,26,1770,0.014689265536723164
onlineshoppers,ExitRates,135,26,308,3,1,1,-1,0.038461538461538464,0.03846153846153847,25.0,22.82608695652174,25,1750,0.014285714285714285
onlineshoppers,ExitRates,136,27,289,3,1,3,-1,0.037037037037037035,0.037037037037037035,15.5,19.88888888888889,28,1862,0.015037593984962405
onlineshoppers,ExitRates,137,26,318,2,1,1,-1,0.038461538461538464,0.038461538461538464,27.0,23.94736842105263,23,1860,0.012365591397849462
onlineshoppers,ExitRates,138,27,329,3,1,2,-1,0.037037037037037035,0.037037037037037035,21.0,22.57894736842105,34,2074,0.01639344262295082
onlineshoppers,ExitRates,139,27,329,3,1,2,-1,0.037037037037037035,0.03703703703703703,25.5,24.444444444444443,26,1852,0.014038876889848811
onlineshoppers,ExitRates,140,26,322,2,1,1,-1,0.03846153846153847,0.038461538461538464,20.0,22.9,26,1888,0.013771186440677966
onlineshoppers,ExitRates,141,28,327,3,1,2,-1,0.035714285714285705,0.03571428571428571,19.5,22.136363636363637,30,1818,0.0165016501650165
onlineshoppers,ExitRates,142,28,317,3,1,1,-1,0.03571428571428571,0.03571428571428571,26.0,22.428571428571427,31,1724,0.017981438515081206
onlineshoppers,ExitRates,143,27,317,3,1,1,-1,0.037037037037037035,0.03703703703703704,24.5,23.15,27,1700,0.01588235294117647
onlineshoppers,ExitRates,144,26,270,3,1,1,-1,0.03846153846153847,0.038461538461538464,25.0,21.61904761904762,28,1686,0.0166073546856465
onlineshoppers,ExitRates,145,27,293,3,1,2,-1,0.037037037037037035,0.037037037037037035,23.5,21.77777777777778,27,2020,0.013366336633663366
onlineshoppers,ExitRates,146,28,304,3,1,2,-1,0.03571428571428571,0.035714285714285705,19.5,21.75,33,1818,0.018151815181518153
onlineshoppers,ExitRates,147,27,305,3,1,2,-1,0.037037037037037035,0.037037037037037035,22.5,22.0,28,1986,0.014098690835850957
onlineshoppers,ExitRates,148,26,357,2,1,1,-1,0.03846153846153846,0.038461538461538464,23.0,25.68421052631579,27,2066,0.013068731848983543
onlineshoppers,ExitRates,149,27,293,3,1,2,-1,0.037037037037037035,0.03703703703703704,20.0,20.571428571428573,24,1914,0.012539184952978056
onlineshoppers,ExitRates,150,28,299,3,1,3,-1,0.035714285714285705,0.03571428571428572,20.0,21.666666666666668,30,2038,0.014720314033366046
onlineshoppers,ExitRates,151,28,321,3,1,2,-1,0.03571428571428571,0.03571428571428571,26.0,23.894736842105264,30,1800,0.016666666666666666
onlineshoppers,ExitRates,152,27,302,3,1,2,-1,0.03703703703703704,0.037037037037037035,22.0,21.55,34,1724,0.019721577726218097
onlineshoppers,ExitRates,153,26,306,2,1,1,-1,0.038461538461538464,0.038461538461538464,20.0,21.75,32,1748,0.018306636155606407
onlineshoppers,ExitRates,154,27,301,3,1,1,-1,0.037037037037037035,0.037037037037037035,23.0,21.714285714285715,24,1846,0.013001083423618635
onlineshoppers,ExitRates,155,28,329,3,1,2,-1,0.035714285714285705,0.03571428571428571,23.0,22.608695652173914,29,1886,0.015376458112407211
onlineshoppers,ExitRates,156,27,261,4,1,3,-1,0.037037037037037035,0.037037037037037035,27.0,21.11764705882353,28,2022,0.013847675568743818
onlineshoppers,ExitRates,157,26,282,3,1,2,-1,0.03846153846153846,0.03846153846153845,24.5,22.0,28,1918,0.014598540145985401
onlineshoppers,ExitRates,158,26,296,3,1,3,-1,0.038461538461538464,0.038461538461538464,28.0,23.526315789473685,25,1742,0.014351320321469576
onlineshoppers,ExitRates,159,27,328,3,1,1,-1,0.037037037037037035,0.03703703703703703,22.0,23.19047619047619,27,1836,0.014705882352941176
onlineshoppers,ExitRates,160,26,298,3,1,1,-1,0.038461538461538464,0.03846153846153846,25.5,22.9,29,1738,0.01668584579976985
onlineshoppers,ExitRates,161,26,316,3,1,3,-1,0.038461538461538464,0.038461538461538464,24.0,23.857142857142858,33,1740,0.01896551724137931
onlineshoppers,ExitRates,162,28,315,3,1,3,-1,0.035714285714285705,0.03571428571428571,23.0,22.6,32,1776,0.018018018018018018
onlineshoppers,ExitRates,163,26,279,3,1,2,-1,0.03846153846153846,0.038461538461538464,21.0,20.94736842105263,27,1700,0.01588235294117647
onlineshoppers,ExitRates,164,28,318,3,1,2,-1,0.035714285714285705,0.03571428571428571,19.0,21.45,28,1778,0.015748031496062992
onlineshoppers,ExitRates,165,26,340,2,1,1,-1,0.03846153846153847,0.038461538461538464,29.0,26.0,33,2010,0.016417910447761194
onlineshoppers,ExitRates,166,27,309,3,1,1,-1,0.037037037037037035,0.037037037037037035,23.0,21.842105263157894,30,1800,0.016666666666666666
onlineshoppers,ExitRates,167,25,323,3,1,2,-1,0.04,0.04,25.0,25.35,28,2272,0.01232394366197183
onlineshoppers,ExitRates,168,28,306,3,1,1,-1,0.03571428571428571,0.03571428571428572,26.0,24.047619047619047,34,1942,0.017507723995880537
onlineshoppers,ExitRates,169,28,287,3,1,2,-1,0.03571428571428572,0.03571428571428571,22.0,21.285714285714285,26,1718,0.015133876600698487
onlineshoppers,ExitRates,170,28,293,3,1,2,-1,0.03571428571428572,0.03571428571428572,24.5,22.4,31,1752,0.01769406392694064
onlineshoppers,ExitRates,171,27,285,3,1,2,-1,0.03703703703703703,0.03703703703703704,19.0,19.055555555555557,26,1782,0.014590347923681257
onlineshoppers,ExitRates,172,28,344,3,1,1,-1,0.03571428571428571,0.03571428571428571,23.0,23.476190476190474,27,2044,0.013209393346379647
onlineshoppers,ExitRates,173,28,314,3,1,1,-1,0.03571428571428571,0.035714285714285705,21.0,22.75,29,1766,0.01642129105322763
onlineshoppers,ExitRates,174,28,284,4,1,3,-1,0.03571428571428572,0.03571428571428571,17.0,19.9,26,1640,0.015853658536585366
onlineshoppers,ExitRates,175,27,322,3,1,1,-1,0.037037037037037035,0.037037037037037035,21.5,23.363636363636363,25,1980,0.012626262626262626
onlineshoppers,ExitRates,176,28,298,3,1,1,-1,0.03571428571428572,0.035714285714285705,22.0,21.8,29,1744,0.016628440366972478
onlineshoppers,ExitRates,177,26,298,3,1,2,-1,0.03846153846153847,0.03846153846153847,24.5,23.1,29,1926,0.015057113187954309
onlineshoppers,ExitRates,178,27,309,3,1,1,-1,0.037037037037037035,0.037037037037037035,27.0,23.105263157894736,25,1688,0.01481042654028436
onlineshoppers,ExitRates,179,27,291,3,1,3,-1,0.03703703703703704,0.03703703703703704,23.5,21.45,25,1972,0.012677484787018255
onlineshoppers,ExitRates,180,28,350,3,1,2,-1,0.03571428571428571,0.03571428571428571,25.5,25.863636363636363,27,2200,0.012272727272727272
onlineshoppers,ExitRates,181,28,317,3,1,1,-1,0.035714285714285705,0.03571428571428571,20.0,21.22222222222222,29,1768,0.016402714932126698
onlineshoppers,ExitRates,182,27,289,3,1,3,-1,0.03703703703703703,0.037037037037037035,29.0,22.058823529411764,32,1992,0.01606425702811245
onlineshoppers,ExitRates,183,27,309,3,1,1,-1,0.03703703703703704,0.03703703703703704,29.0,23.36842105263158,37,1976,0.018724696356275303
onlineshoppers,ExitRates,184,27,310,3,1,2,-1,0.037037037037037035,0.037037037037037035,22.0,22.0,28,1766,0.015855039637599093
onlineshoppers,ExitRates,185,27,295,3,1,1,-1,0.037037037037037035,0.037037037037037035,25.0,22.944444444444443,32,1850,0.017297297297297298
onlineshoppers,ExitRates,186,27,282,4,1,3,-1,0.03703703703703703,0.037037037037037035,13.0,18.736842105263158,25,1824,0.013706140350877192
onlineshoppers,ExitRates,187,28,279,3,1,2,-1,0.03571428571428571,0.03571428571428571,24.5,21.95,30,1886,0.015906680805938492
onlineshoppers,ExitRates,188,27,337,3,1,3,-1,0.03703703703703703,0.037037037037037035,25.5,24.6,27,1972,0.013691683569979716
onlineshoppers,ExitRates,189,28,291,3,1,2,-1,0.03571428571428571,0.035714285714285705,15.0,20.823529411764707,29,1960,0.01479591836734694
onlineshoppers,ExitRates,190,28,310,3,1,1,-1,0.035714285714285705,0.035714285714285705,21.0,23.294117647058822,32,2168,0.014760147601476014
onlineshoppers,ExitRates,191,27,318,3,1,1,-1,0.03703703703703704,0.037037037037037035,24.5,23.95,28,1786,0.015677491601343786
onlineshoppers,ExitRates,192,27,313,3,1,1,-1,0.037037037037037035,0.03703703703703703,18.0,22.0,28,1750,0.016
onlineshoppers,ExitRates,193,26,300,3,1,2,-1,0.038461538461538464,0.03846153846153846,24.5,22.65,30,1846,0.016251354279523293
onlineshoppers,ExitRates,194,26,289,2,1,1,-1,0.03846153846153847,0.038461538461538464,27.0,23.8,30,1678,0.017878426698450536
onlineshoppers,ExitRates,195,27,301,3,1,1,-1,0.037037037037037035,0.037037037037037035,19.5,21.5,25,1888,0.013241525423728813
onlineshoppers,ExitRates,196,26,299,3,1,1,-1,0.03846153846153845,0.03846153846153847,23.0,22.25,30,1742,0.01722158438576349
onlineshoppers,ExitRates,197,27,353,2,1,1,-1,0.037037037037037035,0.037037037037037035,23.5,24.772727272727273,30,2142,0.014005602240896359
onlineshoppers,ExitRates,198,28,283,3,1,3,-1,0.03571428571428571,0.03571428571428571,16.0,19.473684210526315,34,1872,0.018162393162393164
onlineshoppers,ExitRates,199,27,341,3,1,1,-1,0.03703703703703703,0.037037037037037056,29.0,25.95,28,1880,0.014893617021276596
onlineshoppers,ExitRates,200,26,307,3,1,3,-1,0.03846153846153846,0.038461538461538464,23.5,22.27777777777778,25,1854,0.01348435814455232
onlineshoppers,ExitRates,201,27,276,3,1,2,-1,0.03703703703703703,0.03703703703703703,18.5,20.166666666666668,39,1836,0.021241830065359478
onlineshoppers,ExitRates,202,27,276,3,1,2,-1,0.03703703703703704,0.03703703703703704,20.0,20.166666666666668,26,1920,0.013541666666666667
onlineshoppers,ExitRates,203,28,303,3,1,1,-1,0.03571428571428571,0.03571428571428571,18.5,20.4,31,1976,0.01568825910931174
onlineshoppers,ExitRates,204,27,299,3,1,2,-1,0.03703703703703703,0.037037037037037056,19.5,21.5,33,1752,0.018835616438356163
onlineshoppers,ExitRates,205,26,296,3,1,2,-1,0.038461538461538464,0.03846153846153845,26.0,23.789473684210527,25,2152,0.011617100371747211
onlineshoppers,ExitRates,206,27,271,3,1,3,-1,0.037037037037037035,0.037037037037037035,20.0,20.789473684210527,27,1758,0.015358361774744027
onlineshoppers,ExitRates,207,27,292,3,1,2,-1,0.037037037037037035,0.037037037037037035,26.0,22.31578947368421,30,1828,0.016411378555798686
onlineshoppers,ExitRates,208,27,301,2,1,2,-1,0.03703703703703704,0.037037037037037035,25.0,23.27777777777778,26,1794,0.014492753623188406
onlineshoppers,ExitRates,209,27,281,3,1,2,-1,0.037037037037037035,0.03703703703703704,19.0,20.0,30,1784,0.016816143497757848
onlineshoppers,ExitRates,210,28,289,3,1,3,-1,0.03571428571428571,0.03571428571428572,17.0,20.26086956521739,27,1736,0.01555299539170507
onlineshoppers,ExitRates,211,27,311,3,1,2,-1,0.03703703703703704,0.037037037037037035,17.0,20.95,28,1848,0.015151515151515152
onlineshoppers,ExitRates,212,28,261,4,1,4,-1,0.03571428571428571,0.03571428571428572,22.0,19.63157894736842,29,1922,0.015088449531737774
onlineshoppers,ExitRates,213,28,275,3,1,4,-1,0.03571428571428571,0.03571428571428571,15.0,18.19047619047619,27,1728,0.015625
onlineshoppers,ExitRates,214,27,326,3,1,1,-1,0.03703703703703704,0.037037037037037035,26.5,24.5,32,1792,0.017857142857142856
onlineshoppers,ExitRates,215,27,296,3,1,1,-1,0.037037037037037035,0.037037037037037035,20.0,21.363636363636363,28,1676,0.016706443914081145
onlineshoppers,ExitRates,216,27,311,2,1,1,-1,0.037037037037037035,0.037037037037037035,28.0,25.1,27,1886,0.014316012725344645
onlineshoppers,ExitRates,217,28,301,3,1,6,-1,0.03571428571428571,0.035714285714285705,21.0,21.526315789473685,26,1822,0.014270032930845226
onlineshoppers,ExitRates,218,27,320,3,1,1,-1,0.03703703703703703,0.037037037037037035,23.0,22.38095238095238,26,1948,0.013347022587268994
onlineshoppers,ExitRates,219,27,275,3,1,2,-1,0.03703703703703703,0.03703703703703704,14.5,19.333333333333332,23,1766,0.013023782559456399
onlineshoppers,ExitRates,220,28,331,3,1,2,-1,0.03571428571428572,0.03571428571428572,25.0,23.82608695652174,26,2006,0.01296111665004985
onlineshoppers,ExitRates,221,27,266,3,1,1,-1,0.03703703703703704,0.037037037037037035,24.0,20.352941176470587,28,1882,0.01487778958554729
onlineshoppers,ExitRates,222,28,302,3,1,2,-1,0.03571428571428571,0.03571428571428571,23.0,22.42105263157895,30,1846,0.016251354279523293
onlineshoppers,ExitRates,223,26,316,3,1,2,-1,0.03846153846153846,0.03846153846153846,19.0,23.294117647058822,30,1800,0.016666666666666666
onlineshoppers,ExitRates,224,27,323,2,1,1,-1,0.03703703703703703,0.037037037037037035,23.0,22.952380952380953,26,1676,0.015513126491646777
onlineshoppers,ExitRates,225,27,318,3,1,3,-1,0.03703703703703703,0.037037037037037035,25.0,23.454545454545453,28,1988,0.014084507042253521
onlineshoppers,ExitRates,226,26,311,3,1,2,-1,0.038461538461538464,0.03846153846153846,26.0,24.857142857142858,26,1828,0.014223194748358862
onlineshoppers,ExitRates,227,25,268,3,1,2,-1,0.04,0.04,13.0,19.63157894736842,33,1938,0.017027863777089782
onlineshoppers,ExitRates,228,28,294,3,1,2,-1,0.03571428571428572,0.035714285714285705,21.0,21.25,27,1788,0.015100671140939598
onlineshoppers,ExitRates,229,27,308,3,1,1,-1,0.037037037037037035,0.037037037037037035,23.0,23.142857142857142,37,1774,0.020856820744081173
onlineshoppers,ExitRates,230,27,303,3,1,1,-1,0.037037037037037035,0.037037037037037035,19.0,21.85,28,1632,0.01715686274509804
onlineshoppers,ExitRates,231,28,334,3,1,1,-1,0.03571428571428571,0.03571428571428571,25.0,24.142857142857142,39,1792,0.021763392857142856
onlineshoppers,ExitRates,232,28,319,3,1,1,-1,0.035714285714285705,0.03571428571428571,18.0,21.31578947368421,25,2082,0.012007684918347743
onlineshoppers,ExitRates,233,27,319,3,1,2,-1,0.037037037037037035,0.037037037037037035,18.5,20.8,27,1750,0.015428571428571429
onlineshoppers,ExitRates,234,27,313,3,1,1,-1,0.037037037037037035,0.037037037037037035,22.0,22.636363636363637,31,1750,0.017714285714285714
onlineshoppers,ExitRates,235,27,321,3,1,2,-1,0.03703703703703704,0.03703703703703704,23.5,23.444444444444443,26,2054,0.012658227848101266
onlineshoppers,ExitRates,236,26,303,2,1,1,-1,0.038461538461538464,0.038461538461538464,18.0,21.68421052631579,28,1830,0.015300546448087432
onlineshoppers,ExitRates,237,27,315,3,1,2,-1,0.037037037037037035,0.037037037037037035,23.0,22.863636363636363,26,1796,0.014476614699331848
onlineshoppers,ExitRates,238,28,285,3,1,1,-1,0.03571428571428572,0.03571428571428571,18.5,20.11111111111111,29,1718,0.016880093131548313
onlineshoppers,ExitRates,239,28,342,3,1,2,-1,0.03571428571428571,0.03571428571428571,23.0,23.55,28,1724,0.016241299303944315
onlineshoppers,ExitRates,240,28,310,3,1,1,-1,0.035714285714285705,0.03571428571428571,20.0,22.571428571428573,26,1862,0.013963480128893663
onlineshoppers,ExitRates,241,26,303,3,1,2,-1,0.038461538461538464,0.038461538461538464,18.5,21.9,30,1742,0.01722158438576349
onlineshoppers,ExitRates,242,27,283,3,1,2,-1,0.03703703703703704,0.037037037037037035,14.0,17.88235294117647,25,1946,0.012846865364850977
onlineshoppers,ExitRates,243,28,359,3,1,1,-1,0.03571428571428571,0.03571428571428571,26.0,25.454545454545453,25,2260,0.011061946902654867
onlineshoppers,ExitRates,244,28,318,3,1,1,-1,0.03571428571428571,0.035714285714285705,28.0,23.88888888888889,30,1848,0.016233766233766232
onlineshoppers,ExitRates,245,28,299,3,1,2,-1,0.03571428571428571,0.03571428571428571,17.5,20.181818181818183,35,1870,0.01871657754010695
onlineshoppers,ExitRates,246,27,325,3,1,1,-1,0.037037037037037035,0.037037037037037035,19.0,22.17391304347826,30,1644,0.01824817518248175
onlineshoppers,ExitRates,247,27,312,3,1,2,-1,0.037037037037037035,0.037037037037037035,23.0,21.77777777777778,28,1764,0.015873015873015872
onlineshoppers,ExitRates,248,27,288,3,1,2,-1,0.037037037037037035,0.03703703703703703,21.0,20.94736842105263,34,1810,0.01878453038674033
onlineshoppers,ExitRates,249,28,290,3,1,1,-1,0.03571428571428571,0.03571428571428571,22.0,21.142857142857142,30,1618,0.018541409147095178
onlineshoppers,ExitRates,250,25,281,3,1,2,-1,0.04,0.04,22.5,20.5,25,1768,0.01414027149321267
onlineshoppers,ExitRates,251,28,308,3,1,3,-1,0.03571428571428571,0.03571428571428571,19.0,20.434782608695652,27,1814,0.014884233737596472
onlineshoppers,ExitRates,252,28,315,3,1,3,-1,0.03571428571428571,0.035714285714285705,26.5,23.88888888888889,24,1964,0.012219959266802444
onlineshoppers,ExitRates,253,27,279,3,1,3,-1,0.037037037037037035,0.037037037037037035,24.5,21.75,31,1870,0.016577540106951873
onlineshoppers,ExitRates,254,28,283,3,1,3,-1,0.035714285714285705,0.03571428571428571,15.5,20.0,32,1934,0.016546018614270942
onlineshoppers,ExitRates,255,26,318,3,1,2,-1,0.03846153846153847,0.038461538461538464,22.0,23.473684210526315,28,1896,0.014767932489451477
onlineshoppers,ExitRates,256,27,298,2,1,1,-1,0.037037037037037035,0.037037037037037035,19.0,21.1,27,2084,0.012955854126679463
onlineshoppers,ExitRates,257,27,330,3,1,1,-1,0.03703703703703704,0.03703703703703704,23.5,23.272727272727273,28,1938,0.014447884416924664
onlineshoppers,ExitRates,258,26,317,3,1,2,-1,0.038461538461538464,0.03846153846153847,28.0,24.90909090909091,30,1822,0.01646542261251372
onlineshoppers,ExitRates,259,25,292,3,1,2,-1,0.04000000000000001,0.039999999999999994,24.0,22.470588235294116,29,1916,0.015135699373695199
onlineshoppers,ExitRates,260,27,296,3,1,1,-1,0.03703703703703703,0.037037037037037035,18.0,20.904761904761905,25,1946,0.012846865364850977
onlineshoppers,ExitRates,261,28,334,3,1,1,-1,0.03571428571428571,0.03571428571428571,31.0,25.904761904761905,26,2036,0.012770137524557957
onlineshoppers,ExitRates,262,27,284,3,1,1,-1,0.037037037037037035,0.03703703703703703,14.0,19.5,31,1744,0.017775229357798166
onlineshoppers,ExitRates,263,27,305,3,1,3,-1,0.037037037037037035,0.037037037037037035,22.0,20.761904761904763,23,1974,0.01165146909827761
onlineshoppers,ExitRates,264,27,284,3,1,1,-1,0.037037037037037035,0.03703703703703703,25.5,22.5,30,2114,0.014191106906338695
onlineshoppers,ExitRates,265,28,287,3,1,4,-1,0.03571428571428571,0.03571428571428573,15.5,19.59090909090909,32,1876,0.017057569296375266
onlineshoppers,ExitRates,266,26,295,3,1,2,-1,0.038461538461538464,0.03846153846153847,23.0,21.0,29,1818,0.01595159515951595
onlineshoppers,ExitRates,267,26,293,2,1,1,-1,0.03846153846153847,0.03846153846153847,24.0,22.36842105263158,24,1770,0.013559322033898305
onlineshoppers,ExitRates,268,27,322,3,1,2,-1,0.037037037037037035,0.03703703703703703,25.0,23.80952380952381,24,2072,0.011583011583011582
onlineshoppers,ExitRates,269,27,279,4,1,3,-1,0.037037037037037035,0.037037037037037035,19.5,20.38888888888889,26,1950,0.013333333333333334
onlineshoppers,ExitRates,270,27,277,3,1,2,-1,0.037037037037037035,0.037037037037037035,18.5,19.555555555555557,35,1880,0.018617021276595744
onlineshoppers,ExitRates,271,28,331,3,1,1,-1,0.03571428571428572,0.03571428571428571,22.0,23.26086956521739,27,2018,0.013379583746283449
onlineshoppers,ExitRates,272,26,298,3,1,2,-1,0.03846153846153846,0.038461538461538464,21.0,22.2,27,1816,0.01486784140969163
onlineshoppers,ExitRates,273,26,280,3,1,1,-1,0.03846153846153847,0.03846153846153847,21.0,20.61904761904762,31,1738,0.017836593785960874
onlineshoppers,ExitRates,274,26,291,3,1,1,-1,0.03846153846153846,0.03846153846153846,22.0,22.0,35,1714,0.020420070011668612
onlineshoppers,ExitRates,275,27,309,3,1,1,-1,0.037037037037037035,0.037037037037037035,22.5,21.6,32,1874,0.017075773745997867
onlineshoppers,ExitRates,276,27,328,3,1,2,-1,0.037037037037037035,0.03703703703703703,24.0,23.952380952380953,31,2084,0.014875239923224568
onlineshoppers,ExitRates,277,27,308,3,1,2,-1,0.037037037037037035,0.037037037037037035,25.0,22.789473684210527,32,1822,0.01756311745334797
onlineshoppers,ExitRates,278,27,278,3,1,2,-1,0.037037037037037035,0.037037037037037035,27.0,22.68421052631579,23,1858,0.012378902045209902
onlineshoppers,ExitRates,279,26,290,3,1,1,-1,0.038461538461538464,0.03846153846153847,26.5,23.25,28,1752,0.01598173515981735
onlineshoppers,ExitRates,280,26,318,2,1,1,-1,0.038461538461538464,0.038461538461538464,20.0,23.36842105263158,27,1688,0.015995260663507108
onlineshoppers,ExitRates,281,27,356,2,1,1,-1,0.03703703703703704,0.03703703703703703,26.0,26.095238095238095,26,1752,0.014840182648401826
onlineshoppers,ExitRates,282,28,317,3,1,2,-1,0.035714285714285705,0.03571428571428571,17.5,21.0,38,1760,0.02159090909090909
onlineshoppers,ExitRates,283,26,317,3,1,2,-1,0.03846153846153845,0.038461538461538464,21.0,22.80952380952381,28,1788,0.015659955257270694
onlineshoppers,ExitRates,284,27,300,3,1,2,-1,0.03703703703703703,0.03703703703703703,21.0,21.476190476190474,28,2004,0.013972055888223553
onlineshoppers,ExitRates,285,27,313,3,1,2,-1,0.03703703703703703,0.03703703703703703,22.0,22.952380952380953,32,1946,0.01644398766700925
onlineshoppers,ExitRates,286,27,325,3,1,3,-1,0.037037037037037035,0.037037037037037035,24.0,23.227272727272727,31,1922,0.016129032258064516
onlineshoppers,ExitRates,287,27,332,3,1,1,-1,0.037037037037037035,0.03703703703703704,23.0,23.526315789473685,25,2164,0.01155268022181146
onlineshoppers,ExitRates,288,27,310,3,1,3,-1,0.037037037037037035,0.037037037037037035,24.0,22.19047619047619,27,1978,0.013650151668351871
onlineshoppers,ExitRates,289,27,318,3,1,1,-1,0.037037037037037035,0.037037037037037035,21.0,21.95,26,1692,0.015366430260047281
onlineshoppers,ExitRates,290,28,273,3,1,2,-1,0.03571428571428571,0.03571428571428571,23.0,21.823529411764707,29,1800,0.01611111111111111
onlineshoppers,ExitRates,291,27,331,2,1,1,-1,0.037037037037037035,0.037037037037037035,25.0,24.166666666666668,29,1898,0.015279241306638568
onlineshoppers,ExitRates,292,28,288,3,1,2,-1,0.03571428571428571,0.03571428571428571,15.5,18.5,30,1820,0.016483516483516484
onlineshoppers,ExitRates,293,27,308,3,1,2,-1,0.037037037037037035,0.037037037037037035,25.0,22.761904761904763,29,1878,0.0154419595314164
onlineshoppers,ExitRates,294,27,296,3,1,1,-1,0.037037037037037035,0.037037037037037035,26.0,21.904761904761905,29,1756,0.01651480637813212
onlineshoppers,ExitRates,295,27,313,3,1,1,-1,0.037037037037037035,0.03703703703703704,25.0,24.6,24,1646,0.014580801944106925
onlineshoppers,ExitRates,296,28,288,3,1,2,-1,0.03571428571428571,0.03571428571428571,25.5,22.0,34,1932,0.017598343685300208
onlineshoppers,ExitRates,297,28,313,3,1,1,-1,0.03571428571428572,0.03571428571428571,25.0,21.904761904761905,30,1716,0.017482517482517484
onlineshoppers,ExitRates,298,27,302,3,1,3,-1,0.037037037037037035,0.037037037037037035,19.5,20.38888888888889,27,2066,0.013068731848983543
onlineshoppers,ExitRates,299,27,274,3,1,3,-1,0.03703703703703704,0.037037037037037035,20.0,19.842105263157894,24,1756,0.01366742596810934
onlineshoppers,PageValues,0,28,355,3,1,3,-1,0.03571428571428571,0.03571428571428571,23.0,23.714285714285715,35,2856,0.012254901960784314
onlineshoppers,PageValues,1,27,345,3,1,2,-1,0.03703703703703703,0.037037037037037035,29.0,26.952380952380953,35,2922,0.011978097193702943
onlineshoppers,PageValues,2,28,356,3,1,2,-1,0.03571428571428571,0.03571428571428571,26.0,24.88235294117647,37,3144,0.011768447837150127
onlineshoppers,PageValues,3,28,377,3,1,3,-1,0.03571428571428571,0.035714285714285705,25.5,25.833333333333332,36,2874,0.012526096033402923
onlineshoppers,PageValues,4,28,332,3,1,3,-1,0.03571428571428572,0.03571428571428571,19.0,21.210526315789473,32,3006,0.010645375914836993
onlineshoppers,PageValues,5,27,371,3,1,2,-1,0.037037037037037035,0.03703703703703704,21.0,24.473684210526315,29,3026,0.009583608724388631
onlineshoppers,PageValues,6,28,305,3,1,5,-1,0.03571428571428571,0.03571428571428572,26.0,23.476190476190474,32,2972,0.010767160161507403
onlineshoppers,PageValues,7,28,334,3,1,3,-1,0.03571428571428571,0.03571428571428571,17.5,20.45,33,2950,0.011186440677966102
onlineshoppers,PageValues,8,26,341,3,1,3,-1,0.038461538461538464,0.038461538461538464,27.0,24.57894736842105,38,3016,0.012599469496021221
onlineshoppers,PageValues,9,28,346,3,1,1,-1,0.03571428571428573,0.035714285714285705,20.0,23.526315789473685,35,2996,0.011682242990654205
onlineshoppers,PageValues,10,27,354,3,1,1,-1,0.037037037037037035,0.037037037037037035,29.5,26.333333333333332,35,3070,0.011400651465798045
onlineshoppers,PageValues,11,28,342,3,1,1,-1,0.035714285714285705,0.03571428571428572,30.0,24.904761904761905,30,3018,0.009940357852882704
onlineshoppers,PageValues,12,28,312,2,1,1,-1,0.03571428571428571,0.03571428571428571,16.0,22.05263157894737,31,2984,0.010388739946380697
onlineshoppers,PageValues,13,28,389,3,1,3,-1,0.03571428571428571,0.035714285714285705,25.5,26.65,34,3018,0.01126573889993373
onlineshoppers,PageValues,14,27,346,3,1,2,-1,0.037037037037037035,0.037037037037037035,25.5,25.40909090909091,31,2924,0.010601915184678522
onlineshoppers,PageValues,15,28,332,3,1,2,-1,0.03571428571428571,0.035714285714285705,22.0,23.56,34,2954,0.011509817197020988
onlineshoppers,PageValues,16,27,354,3,1,1,-1,0.037037037037037035,0.037037037037037035,26.0,25.652173913043477,32,2914,0.01098146877144818
onlineshoppers,PageValues,17,27,343,3,1,1,-1,0.037037037037037035,0.03703703703703703,25.5,24.727272727272727,35,2962,0.011816340310600946
onlineshoppers,PageValues,18,28,325,3,1,3,-1,0.03571428571428571,0.03571428571428572,20.0,22.77777777777778,32,2970,0.010774410774410775
onlineshoppers,PageValues,19,27,361,3,1,1,-1,0.03703703703703704,0.03703703703703704,30.0,27.5,32,3030,0.010561056105610561
onlineshoppers,PageValues,20,28,385,3,1,1,-1,0.03571428571428571,0.03571428571428571,22.5,25.5,31,2990,0.01036789297658863
onlineshoppers,PageValues,21,28,327,3,1,2,-1,0.03571428571428572,0.03571428571428571,28.0,24.772727272727273,31,2920,0.010616438356164383
onlineshoppers,PageValues,22,28,318,3,1,3,-1,0.03571428571428571,0.03571428571428571,24.0,23.210526315789473,40,2912,0.013736263736263736
onlineshoppers,PageValues,23,28,307,3,1,2,-1,0.03571428571428571,0.0357142857142857,19.0,21.15,30,2912,0.010302197802197802
onlineshoppers,PageValues,24,28,346,3,1,2,-1,0.03571428571428571,0.03571428571428571,26.0,24.666666666666668,33,2994,0.011022044088176353
onlineshoppers,PageValues,25,28,325,3,1,3,-1,0.03571428571428571,0.03571428571428571,24.0,22.047619047619047,30,2916,0.0102880658436214
onlineshoppers,PageValues,26,28,365,3,1,2,-1,0.03571428571428572,0.035714285714285705,22.0,24.19047619047619,31,3100,0.01
onlineshoppers,PageValues,27,27,350,3,1,2,-1,0.037037037037037035,0.03703703703703704,22.0,23.105263157894736,29,3026,0.009583608724388631
onlineshoppers,PageValues,28,27,369,3,1,2,-1,0.037037037037037035,0.037037037037037035,21.0,26.210526315789473,29,2986,0.00971198928332217
onlineshoppers,PageValues,29,28,379,3,1,1,-1,0.03571428571428573,0.03571428571428572,23.0,26.26086956521739,35,3044,0.011498028909329829
onlineshoppers,PageValues,30,28,372,2,1,1,-1,0.03571428571428571,0.03571428571428571,25.0,24.894736842105264,35,3016,0.011604774535809019
onlineshoppers,PageValues,31,28,343,3,1,2,-1,0.035714285714285705,0.03571428571428572,20.0,22.38095238095238,31,2966,0.010451786918408631
onlineshoppers,PageValues,32,28,354,3,1,1,-1,0.03571428571428571,0.03571428571428571,33.0,25.470588235294116,34,3062,0.011103853690398433
onlineshoppers,PageValues,33,28,357,3,1,2,-1,0.03571428571428571,0.035714285714285705,19.0,22.952380952380953,32,2994,0.01068804275217101
onlineshoppers,PageValues,34,28,353,3,1,2,-1,0.03571428571428571,0.03571428571428572,23.0,23.238095238095237,36,2968,0.012129380053908356
onlineshoppers,PageValues,35,28,336,3,1,1,-1,0.03571428571428572,0.035714285714285705,25.0,23.94736842105263,40,3058,0.013080444735120994
onlineshoppers,PageValues,36,27,350,3,1,2,-1,0.037037037037037035,0.037037037037037035,22.0,24.05263157894737,33,2894,0.011402902557014512
onlineshoppers,PageValues,37,28,338,3,1,1,-1,0.03571428571428571,0.03571428571428572,28.0,24.42105263157895,45,3068,0.014667535853976532
onlineshoppers,PageValues,38,27,314,3,1,5,-1,0.03703703703703703,0.037037037037037035,19.5,21.72222222222222,37,3024,0.012235449735449735
onlineshoppers,PageValues,39,27,340,3,1,2,-1,0.037037037037037035,0.037037037037037035,21.0,22.526315789473685,32,2866,0.011165387299371946
onlineshoppers,PageValues,40,27,354,3,1,2,-1,0.037037037037037035,0.037037037037037035,23.0,25.058823529411764,29,2936,0.009877384196185286
onlineshoppers,PageValues,41,28,359,3,1,1,-1,0.03571428571428572,0.03571428571428571,26.0,24.523809523809526,34,2994,0.011356045424181697
onlineshoppers,PageValues,42,28,351,3,1,3,-1,0.03571428571428571,0.03571428571428571,26.0,25.095238095238095,29,3048,0.009514435695538058
onlineshoppers,PageValues,43,27,343,3,1,2,-1,0.037037037037037035,0.03703703703703703,32.0,25.42105263157895,31,2966,0.010451786918408631
onlineshoppers,PageValues,44,27,333,3,1,3,-1,0.03703703703703703,0.037037037037037035,20.5,23.22222222222222,33,2864,0.011522346368715084
onlineshoppers,PageValues,45,28,344,3,1,1,-1,0.03571428571428572,0.035714285714285705,21.5,23.35,31,3118,0.009942270686337396
onlineshoppers,PageValues,46,28,367,3,1,1,-1,0.03571428571428571,0.03571428571428572,23.5,25.59090909090909,32,2924,0.01094391244870041
onlineshoppers,PageValues,47,27,399,3,1,1,-1,0.037037037037037035,0.03703703703703704,30.0,29.041666666666668,33,3046,0.010833880499015102
onlineshoppers,PageValues,48,27,324,3,1,2,-1,0.03703703703703704,0.03703703703703703,21.5,22.25,34,3070,0.011074918566775244
onlineshoppers,PageValues,49,28,340,4,1,3,-1,0.03571428571428572,0.03571428571428571,22.5,23.1,34,3000,0.011333333333333334
onlineshoppers,PageValues,50,28,314,3,1,2,-1,0.03571428571428571,0.035714285714285705,22.0,22.473684210526315,30,3052,0.009829619921363041
onlineshoppers,PageValues,51,28,312,3,1,2,-1,0.035714285714285705,0.03571428571428572,23.5,22.75,35,2954,0.011848341232227487
onlineshoppers,PageValues,52,27,344,3,1,2,-1,0.037037037037037035,0.03703703703703704,29.0,25.789473684210527,27,2886,0.009355509355509356
onlineshoppers,PageValues,53,28,354,2,1,1,-1,0.035714285714285705,0.035714285714285705,25.0,25.363636363636363,32,2952,0.01084010840108401
onlineshoppers,PageValues,54,28,309,3,1,1,-1,0.03571428571428572,0.03571428571428571,15.5,20.5,34,2988,0.011378848728246318
onlineshoppers,PageValues,55,27,352,3,1,1,-1,0.03703703703703704,0.037037037037037035,19.5,22.5,33,3136,0.010522959183673469
onlineshoppers,PageValues,56,27,376,2,1,1,-1,0.037037037037037035,0.037037037037037035,24.0,25.476190476190474,36,3044,0.011826544021024968
onlineshoppers,PageValues,57,27,369,2,1,1,-1,0.037037037037037035,0.03703703703703703,31.0,28.36842105263158,27,2902,0.009303928325292901
onlineshoppers,PageValues,58,27,349,3,1,2,-1,0.037037037037037035,0.037037037037037035,32.0,26.736842105263158,32,2998,0.01067378252168112
onlineshoppers,PageValues,59,28,388,3,1,1,-1,0.03571428571428571,0.03571428571428571,25.0,25.82608695652174,31,2988,0.010374832663989291
onlineshoppers,PageValues,60,27,337,3,1,2,-1,0.037037037037037035,0.037037037037037035,25.5,23.681818181818183,33,3000,0.011
onlineshoppers,PageValues,61,28,333,3,1,2,-1,0.03571428571428571,0.035714285714285705,23.0,23.652173913043477,30,2920,0.010273972602739725
onlineshoppers,PageValues,62,27,363,2,1,1,-1,0.037037037037037035,0.037037037037037035,30.0,26.608695652173914,38,2832,0.013418079096045197
onlineshoppers,PageValues,63,28,363,3,1,2,-1,0.03571428571428571,0.03571428571428571,25.0,25.347826086956523,31,2866,0.010816468946266573
onlineshoppers,PageValues,64,27,372,3,1,2,-1,0.03703703703703704,0.03703703703703704,26.0,26.2,32,2984,0.010723860589812333
onlineshoppers,PageValues,65,28,353,3,1,2,-1,0.03571428571428571,0.03571428571428571,26.0,24.894736842105264,31,2844,0.01090014064697609
onlineshoppers,PageValues,66,27,323,3,1,2,-1,0.037037037037037035,0.037037037037037035,18.5,22.4,34,2992,0.011363636363636364
onlineshoppers,PageValues,67,28,400,3,1,1,-1,0.03571428571428571,0.03571428571428571,26.0,26.363636363636363,30,2866,0.0104675505931612
onlineshoppers,PageValues,68,27,343,3,1,2,-1,0.03703703703703704,0.037037037037037056,22.5,24.5,28,2972,0.009421265141318977
onlineshoppers,PageValues,69,28,347,4,1,4,-1,0.03571428571428572,0.03571428571428571,22.0,24.57894736842105,33,3058,0.01079136690647482
onlineshoppers,PageValues,70,28,376,3,1,2,-1,0.03571428571428571,0.035714285714285705,29.0,26.473684210526315,32,2982,0.010731052984574111
onlineshoppers,PageValues,71,28,335,3,1,2,-1,0.03571428571428571,0.03571428571428571,22.0,23.681818181818183,37,2918,0.012679917751884852
onlineshoppers,PageValues,72,28,387,3,1,1,-1,0.03571428571428571,0.03571428571428571,26.0,26.565217391304348,32,3004,0.010652463382157125
onlineshoppers,PageValues,73,28,344,3,1,1,-1,0.03571428571428571,0.035714285714285705,24.0,24.263157894736842,36,2968,0.012129380053908356
onlineshoppers,PageValues,74,26,334,3,1,2,-1,0.03846153846153846,0.03846153846153846,21.5,23.05,36,2970,0.012121212121212121
onlineshoppers,PageValues,75,27,328,3,1,2,-1,0.03703703703703704,0.037037037037037035,21.0,22.80952380952381,31,2922,0.010609171800136893
onlineshoppers,PageValues,76,28,313,3,1,2,-1,0.03571428571428571,0.035714285714285705,15.0,20.352941176470587,32,3072,0.010416666666666666
onlineshoppers,PageValues,77,27,343,3,1,2,-1,0.037037037037037035,0.03703703703703704,20.0,23.94736842105263,27,3082,0.008760545100584036
onlineshoppers,PageValues,78,28,367,3,1,2,-1,0.03571428571428571,0.035714285714285705,26.0,26.08695652173913,31,3100,0.01
onlineshoppers,PageValues,79,28,318,3,1,2,-1,0.035714285714285705,0.03571428571428572,21.0,21.38095238095238,34,2976,0.0114247311827957
onlineshoppers,PageValues,80,26,306,3,1,2,-1,0.03846153846153847,0.038461538461538464,18.0,21.238095238095237,31,2930,0.010580204778156996
onlineshoppers,PageValues,81,28,337,3,1,4,-1,0.03571428571428571,0.0357142857142857,17.5,21.2,31,2888,0.010734072022160665
onlineshoppers,PageValues,82,28,340,3,1,1,-1,0.03571428571428572,0.035714285714285705,17.5,21.375,41,3058,0.013407455853499018
onlineshoppers,PageValues,83,27,332,3,1,2,-1,0.037037037037037035,0.03703703703703704,26.5,24.166666666666668,32,2894,0.0110573600552868
onlineshoppers,PageValues,84,28,369,3,1,2,-1,0.03571428571428571,0.03571428571428571,28.0,26.904761904761905,40,3130,0.012779552715654952
onlineshoppers,PageValues,85,26,344,3,1,2,-1,0.03846153846153845,0.038461538461538464,31.0,27.4,31,2888,0.010734072022160665
onlineshoppers,PageValues,86,28,355,3,1,2,-1,0.03571428571428573,0.03571428571428571,22.5,24.125,37,2972,0.012449528936742935
onlineshoppers,PageValues,87,28,325,3,1,2,-1,0.03571428571428572,0.03571428571428571,28.0,23.952380952380953,33,3026,0.010905485789821546
onlineshoppers,PageValues,88,28,357,3,1,3,-1,0.035714285714285705,0.03571428571428572,25.5,25.636363636363637,32,2900,0.011034482758620689
onlineshoppers,PageValues,89,28,364,3,1,2,-1,0.03571428571428572,0.03571428571428572,25.0,26.88235294117647,39,3054,0.012770137524557957
onlineshoppers,PageValues,90,28,304,3,1,1,-1,0.03571428571428572,0.03571428571428572,26.0,22.8125,35,3010,0.011627906976744186
onlineshoppers,PageValues,91,28,333,3,1,1,-1,0.03571428571428571,0.03571428571428571,22.0,22.68421052631579,34,2984,0.011394101876675604
onlineshoppers,PageValues,92,28,352,3,1,3,-1,0.03571428571428571,0.03571428571428572,26.0,24.9,35,3082,0.01135626216742375
onlineshoppers,PageValues,93,27,299,3,1,3,-1,0.03703703703703704,0.037037037037037035,24.0,22.35,41,2896,0.014157458563535912
onlineshoppers,PageValues,94,27,344,3,1,2,-1,0.03703703703703703,0.03703703703703704,21.5,23.791666666666668,37,2944,0.012567934782608696
onlineshoppers,PageValues,95,28,346,3,1,3,-1,0.03571428571428571,0.03571428571428571,26.0,25.761904761904763,32,2934,0.010906612133605999
onlineshoppers,PageValues,96,28,302,4,1,1,-1,0.03571428571428571,0.03571428571428571,29.0,22.894736842105264,35,2972,0.011776581426648721
onlineshoppers,PageValues,97,27,382,3,1,2,-1,0.03703703703703704,0.037037037037037035,26.0,26.857142857142858,27,3102,0.008704061895551257
onlineshoppers,PageValues,98,28,345,3,1,3,-1,0.03571428571428571,0.03571428571428571,19.5,21.75,32,3012,0.010624169986719787
onlineshoppers,PageValues,99,28,387,3,1,1,-1,0.035714285714285705,0.03571428571428571,23.0,26.0,29,2954,0.00981719702098849
onlineshoppers,PageValues,100,28,318,3,1,1,-1,0.03571428571428571,0.03571428571428571,28.0,23.80952380952381,35,2948,0.011872455902306648
onlineshoppers,PageValues,101,28,327,3,1,3,-1,0.03571428571428571,0.03571428571428571,20.0,23.142857142857142,29,2988,0.009705488621151271
onlineshoppers,PageValues,102,27,359,3,1,2,-1,0.03703703703703703,0.037037037037037035,27.0,25.476190476190474,38,3056,0.012434554973821989
onlineshoppers,PageValues,103,27,316,3,1,3,-1,0.037037037037037035,0.037037037037037035,17.0,19.57894736842105,39,2944,0.013247282608695652
onlineshoppers,PageValues,104,27,324,3,1,1,-1,0.037037037037037035,0.037037037037037056,18.0,20.94736842105263,30,2982,0.01006036217303823
onlineshoppers,PageValues,105,27,369,3,1,3,-1,0.037037037037037035,0.037037037037037035,28.5,26.8,31,2946,0.010522742701968771
onlineshoppers,PageValues,106,28,364,3,1,1,-1,0.035714285714285705,0.03571428571428571,31.5,27.1,36,3066,0.011741682974559686
onlineshoppers,PageValues,107,28,350,3,1,2,-1,0.03571428571428571,0.03571428571428572,26.0,25.5,34,2882,0.01179736294240111
onlineshoppers,PageValues,108,27,370,3,1,2,-1,0.037037037037037035,0.037037037037037035,32.5,28.85,36,2988,0.012048192771084338
onlineshoppers,PageValues,109,27,352,3,1,2,-1,0.03703703703703704,0.037037037037037035,23.0,25.42105263157895,40,3008,0.013297872340425532
onlineshoppers,PageValues,110,27,366,3,1,1,-1,0.03703703703703704,0.037037037037037035,23.5,24.818181818181817,28,2962,0.009453072248480757
onlineshoppers,PageValues,111,28,332,3,1,2,-1,0.03571428571428571,0.03571428571428571,24.0,24.75,33,2952,0.011178861788617886
onlineshoppers,PageValues,112,28,374,3,1,2,-1,0.03571428571428572,0.03571428571428572,28.5,27.0,33,3020,0.010927152317880795
onlineshoppers,PageValues,113,27,296,3,1,1,-1,0.037037037037037035,0.037037037037037035,13.5,19.75,34,3040,0.01118421052631579
onlineshoppers,PageValues,114,28,378,3,1,2,-1,0.03571428571428572,0.03571428571428571,24.0,26.31578947368421,32,2968,0.01078167115902965
onlineshoppers,PageValues,115,26,350,3,1,2,-1,0.03846153846153847,0.038461538461538464,33.0,27.0,33,2960,0.01114864864864865
onlineshoppers,PageValues,116,27,320,3,1,3,-1,0.037037037037037035,0.03703703703703703,20.0,22.904761904761905,42,2982,0.014084507042253521
onlineshoppers,PageValues,117,28,331,3,1,2,-1,0.03571428571428571,0.03571428571428571,25.0,23.142857142857142,31,2872,0.010793871866295265
onlineshoppers,PageValues,118,28,374,3,1,2,-1,0.03571428571428571,0.03571428571428571,23.5,26.09090909090909,37,2930,0.012627986348122866
onlineshoppers,PageValues,119,28,336,3,1,2,-1,0.03571428571428573,0.03571428571428571,22.0,23.76,34,2982,0.011401743796109993
onlineshoppers,PageValues,120,28,364,3,1,3,-1,0.03571428571428571,0.03571428571428571,21.0,25.047619047619047,33,2988,0.01104417670682731
onlineshoppers,PageValues,121,28,338,3,1,2,-1,0.03571428571428571,0.035714285714285705,25.0,24.59090909090909,35,2916,0.012002743484224965
onlineshoppers,PageValues,122,28,386,3,1,1,-1,0.03571428571428571,0.035714285714285705,24.5,26.363636363636363,33,3032,0.010883905013192613
onlineshoppers,PageValues,123,28,369,3,1,2,-1,0.03571428571428571,0.03571428571428571,27.0,26.130434782608695,37,2986,0.012391158740790355
onlineshoppers,PageValues,124,27,323,2,1,1,-1,0.037037037037037035,0.03703703703703704,28.0,24.0,36,2952,0.012195121951219513
onlineshoppers,PageValues,125,28,378,3,1,2,-1,0.03571428571428573,0.03571428571428571,26.0,26.333333333333332,30,2938,0.010211027910142955
onlineshoppers,PageValues,126,28,329,4,1,2,-1,0.03571428571428571,0.03571428571428572,30.5,25.772727272727273,34,2912,0.011675824175824176
onlineshoppers,PageValues,127,28,303,3,1,1,-1,0.03571428571428572,0.03571428571428571,18.0,21.210526315789473,31,3028,0.01023778071334214
onlineshoppers,PageValues,128,28,339,3,1,4,-1,0.03571428571428571,0.035714285714285705,25.0,23.94736842105263,44,2910,0.015120274914089347
onlineshoppers,PageValues,129,28,375,2,1,1,-1,0.03571428571428571,0.03571428571428571,30.0,27.0,37,2994,0.012358049432197728
onlineshoppers,PageValues,130,28,324,3,1,1,-1,0.035714285714285705,0.03571428571428571,18.0,22.6,46,2966,0.015509103169251517
onlineshoppers,PageValues,131,28,372,3,1,2,-1,0.03571428571428572,0.03571428571428573,28.5,26.125,32,3104,0.010309278350515464
onlineshoppers,PageValues,132,28,340,3,1,1,-1,0.035714285714285705,0.03571428571428571,29.0,25.2,30,2914,0.01029512697323267
onlineshoppers,PageValues,133,27,350,3,1,2,-1,0.03703703703703704,0.037037037037037035,23.0,23.571428571428573,33,2996,0.011014686248331108
onlineshoppers,PageValues,134,27,321,3,1,2,-1,0.037037037037037035,0.037037037037037035,30.0,24.736842105263158,38,2950,0.01288135593220339
onlineshoppers,PageValues,135,26,364,3,1,2,-1,0.038461538461538464,0.038461538461538464,25.0,24.764705882352942,29,2970,0.009764309764309764
onlineshoppers,PageValues,136,27,330,3,1,2,-1,0.037037037037037035,0.037037037037037035,23.0,22.904761904761905,35,2932,0.011937244201909959
onlineshoppers,PageValues,137,28,344,3,1,1,-1,0.03571428571428572,0.03571428571428571,24.5,24.954545454545453,34,2908,0.011691884456671253
onlineshoppers,PageValues,138,27,349,3,1,2,-1,0.03703703703703704,0.037037037037037035,30.0,26.428571428571427,33,2942,0.011216859279401768
onlineshoppers,PageValues,139,28,376,3,1,3,-1,0.03571428571428571,0.03571428571428571,33.0,26.761904761904763,28,2998,0.009339559706470981
onlineshoppers,PageValues,140,28,334,3,1,2,-1,0.03571428571428571,0.03571428571428571,18.0,22.047619047619047,40,3002,0.013324450366422385
onlineshoppers,PageValues,141,28,374,3,1,2,-1,0.03571428571428572,0.03571428571428572,20.5,23.9,30,2966,0.010114632501685773
onlineshoppers,PageValues,142,28,333,3,1,2,-1,0.03571428571428571,0.03571428571428571,24.0,24.083333333333332,39,3016,0.01293103448275862
onlineshoppers,PageValues,143,28,323,3,1,2,-1,0.03571428571428571,0.03571428571428571,24.0,23.555555555555557,32,2988,0.0107095046854083
onlineshoppers,PageValues,144,27,363,3,1,2,-1,0.037037037037037035,0.03703703703703704,25.0,26.555555555555557,36,3000,0.012
onlineshoppers,PageValues,145,27,344,3,1,4,-1,0.037037037037037035,0.03703703703703704,26.0,24.5,32,2970,0.010774410774410775
onlineshoppers,PageValues,146,28,350,3,1,1,-1,0.03571428571428572,0.03571428571428572,24.5,25.291666666666668,37,2930,0.012627986348122866
onlineshoppers,PageValues,147,28,333,3,1,2,-1,0.03571428571428571,0.03571428571428571,30.0,24.95,37,2896,0.012776243093922652
onlineshoppers,PageValues,148,28,379,3,1,2,-1,0.03571428571428573,0.03571428571428571,24.0,25.818181818181817,42,2924,0.014363885088919288
onlineshoppers,PageValues,149,27,330,3,1,1,-1,0.03703703703703704,0.037037037037037035,23.0,23.90909090909091,32,3020,0.010596026490066225
onlineshoppers,PageValues,150,28,321,3,1,3,-1,0.03571428571428571,0.03571428571428571,19.0,22.0,36,3070,0.011726384364820847
onlineshoppers,PageValues,151,28,348,3,1,1,-1,0.03571428571428572,0.03571428571428571,21.0,25.0,36,2958,0.012170385395537525
onlineshoppers,PageValues,152,26,341,3,1,2,-1,0.03846153846153846,0.03846153846153847,29.0,24.94736842105263,37,2918,0.012679917751884852
onlineshoppers,PageValues,153,28,341,3,1,1,-1,0.035714285714285705,0.03571428571428571,28.0,25.428571428571427,39,2982,0.013078470824949699
onlineshoppers,PageValues,154,28,342,4,1,3,-1,0.03571428571428571,0.03571428571428571,20.0,21.952380952380953,34,2998,0.01134089392928619
onlineshoppers,PageValues,155,27,366,4,1,3,-1,0.037037037037037035,0.03703703703703704,28.5,26.666666666666668,34,3024,0.011243386243386243
onlineshoppers,PageValues,156,28,384,3,1,1,-1,0.03571428571428571,0.035714285714285705,30.0,26.217391304347824,35,3018,0.011597084161696488
onlineshoppers,PageValues,157,28,351,3,1,2,-1,0.03571428571428571,0.03571428571428571,24.5,24.454545454545453,41,2964,0.013832658569500675
onlineshoppers,PageValues,158,27,359,3,1,2,-1,0.037037037037037035,0.037037037037037035,24.5,25.5,37,3008,0.012300531914893617
onlineshoppers,PageValues,159,28,324,3,1,3,-1,0.03571428571428571,0.03571428571428571,25.5,24.0625,35,3040,0.011513157894736841
onlineshoppers,PageValues,160,27,376,3,1,2,-1,0.03703703703703703,0.03703703703703703,21.5,25.9,31,2828,0.010961810466760962
onlineshoppers,PageValues,161,27,359,3,1,2,-1,0.03703703703703704,0.037037037037037035,24.0,27.130434782608695,34,2974,0.011432414256893073
onlineshoppers,PageValues,162,26,401,2,1,1,-1,0.038461538461538464,0.038461538461538464,31.0,30.31578947368421,29,3102,0.009348807221147646
onlineshoppers,PageValues,163,27,315,3,1,1,-1,0.037037037037037035,0.037037037037037035,21.0,21.88235294117647,39,3036,0.012845849802371542
onlineshoppers,PageValues,164,27,329,3,1,2,-1,0.037037037037037035,0.037037037037037035,21.0,23.31578947368421,39,2952,0.013211382113821139
onlineshoppers,PageValues,165,27,378,3,1,2,-1,0.03703703703703704,0.03703703703703704,30.0,27.36842105263158,36,3020,0.011920529801324504
onlineshoppers,PageValues,166,27,349,3,1,2,-1,0.037037037037037035,0.037037037037037035,22.5,24.333333333333332,33,3080,0.010714285714285714
onlineshoppers,PageValues,167,27,338,3,1,2,-1,0.037037037037037035,0.037037037037037035,31.0,24.157894736842106,29,2948,0.00983717774762551
onlineshoppers,PageValues,168,27,322,2,1,1,-1,0.03703703703703704,0.037037037037037035,23.0,24.476190476190474,37,2958,0.012508451656524679
onlineshoppers,PageValues,169,28,339,3,1,3,-1,0.03571428571428571,0.03571428571428572,30.0,24.38888888888889,34,3144,0.010814249363867684
onlineshoppers,PageValues,170,28,368,3,1,2,-1,0.035714285714285705,0.03571428571428572,29.0,26.38095238095238,33,2922,0.011293634496919919
onlineshoppers,PageValues,171,27,340,3,1,1,-1,0.03703703703703704,0.037037037037037035,23.0,23.72222222222222,31,3010,0.010299003322259137
onlineshoppers,PageValues,172,27,357,3,1,2,-1,0.037037037037037035,0.037037037037037035,33.0,27.176470588235293,29,2966,0.009777478084962913
onlineshoppers,PageValues,173,28,358,3,1,2,-1,0.03571428571428571,0.03571428571428571,24.0,25.727272727272727,40,2964,0.01349527665317139
onlineshoppers,PageValues,174,27,304,3,1,2,-1,0.037037037037037035,0.037037037037037035,23.0,22.0,34,2930,0.011604095563139932
onlineshoppers,PageValues,175,27,347,3,1,2,-1,0.037037037037037035,0.037037037037037035,22.5,25.0,32,3034,0.01054713249835201
onlineshoppers,PageValues,176,25,352,3,1,2,-1,0.04,0.04,30.0,27.444444444444443,34,2970,0.011447811447811448
onlineshoppers,PageValues,177,28,329,3,1,2,-1,0.035714285714285705,0.03571428571428571,18.0,22.428571428571427,36,2924,0.012311901504787962
onlineshoppers,PageValues,178,28,381,3,1,1,-1,0.03571428571428572,0.03571428571428572,23.5,26.15,32,3104,0.010309278350515464
onlineshoppers,PageValues,179,28,328,3,1,1,-1,0.03571428571428571,0.03571428571428571,18.0,22.956521739130434,34,3058,0.011118378024852845
onlineshoppers,PageValues,180,27,359,3,1,2,-1,0.037037037037037035,0.03703703703703704,26.0,26.272727272727273,32,3102,0.010315925209542231
onlineshoppers,PageValues,181,28,338,3,1,1,-1,0.03571428571428571,0.03571428571428571,23.0,23.954545454545453,35,3132,0.011174968071519796
onlineshoppers,PageValues,182,28,341,3,1,3,-1,0.03571428571428571,0.035714285714285705,23.5,22.772727272727273,36,3020,0.011920529801324504
onlineshoppers,PageValues,183,28,352,3,1,1,-1,0.03571428571428571,0.03571428571428571,18.5,22.38888888888889,33,2932,0.011255115961800819
onlineshoppers,PageValues,184,27,357,3,1,2,-1,0.03703703703703703,0.03703703703703704,27.0,27.31578947368421,37,3020,0.012251655629139073
onlineshoppers,PageValues,185,28,332,3,1,2,-1,0.03571428571428572,0.03571428571428571,17.5,21.166666666666668,35,3090,0.011326860841423949
onlineshoppers,PageValues,186,28,357,2,1,1,-1,0.03571428571428571,0.035714285714285705,27.0,24.68421052631579,31,3052,0.010157273918741808
onlineshoppers,PageValues,187,27,352,3,1,3,-1,0.03703703703703704,0.037037037037037035,22.5,22.75,37,3008,0.012300531914893617
onlineshoppers,PageValues,188,28,329,3,1,2,-1,0.03571428571428571,0.03571428571428571,29.0,24.7,35,2980,0.01174496644295302
onlineshoppers,PageValues,189,27,395,2,1,1,-1,0.037037037037037035,0.037037037037037035,29.5,28.75,29,3108,0.00933075933075933
onlineshoppers,PageValues,190,28,353,3,1,3,-1,0.03571428571428571,0.03571428571428571,23.5,23.4,30,3038,0.009874917709019092
onlineshoppers,PageValues,191,28,337,3,1,3,-1,0.03571428571428571,0.03571428571428572,20.5,23.25,38,2986,0.012726054922973878
onlineshoppers,PageValues,192,28,386,3,1,1,-1,0.03571428571428571,0.03571428571428571,31.5,27.863636363636363,31,2950,0.010508474576271187
onlineshoppers,PageValues,193,28,331,3,1,2,-1,0.03571428571428573,0.03571428571428571,24.0,23.52173913043478,36,2940,0.012244897959183673
onlineshoppers,PageValues,194,28,332,3,1,3,-1,0.03571428571428571,0.03571428571428571,23.0,23.095238095238095,29,3124,0.009282970550576185
onlineshoppers,PageValues,195,28,353,2,1,1,-1,0.035714285714285705,0.035714285714285705,31.0,27.0,32,2864,0.0111731843575419
onlineshoppers,PageValues,196,28,321,4,1,3,-1,0.035714285714285705,0.03571428571428572,26.0,22.90909090909091,35,3056,0.011452879581151832
onlineshoppers,PageValues,197,28,360,3,1,2,-1,0.03571428571428571,0.03571428571428572,23.5,24.136363636363637,33,3010,0.010963455149501661
onlineshoppers,PageValues,198,28,366,3,1,3,-1,0.03571428571428571,0.03571428571428571,28.0,24.80952380952381,32,3116,0.010269576379974325
onlineshoppers,PageValues,199,28,352,3,1,2,-1,0.03571428571428571,0.03571428571428571,26.5,25.291666666666668,34,2936,0.011580381471389645
onlineshoppers,PageValues,200,28,381,3,1,1,-1,0.03571428571428573,0.03571428571428571,22.5,26.136363636363637,33,3066,0.010763209393346379
onlineshoppers,PageValues,201,27,305,3,1,3,-1,0.037037037037037056,0.037037037037037035,24.5,22.88888888888889,32,2912,0.01098901098901099
onlineshoppers,PageValues,202,27,372,3,1,1,-1,0.03703703703703704,0.03703703703703703,29.0,26.791666666666668,31,3016,0.010278514588859417
onlineshoppers,PageValues,203,28,347,3,1,2,-1,0.03571428571428572,0.03571428571428572,30.0,26.0,29,3022,0.009596293845135672
onlineshoppers,PageValues,204,28,289,4,1,4,-1,0.03571428571428572,0.035714285714285705,27.0,21.647058823529413,28,3060,0.009150326797385621
onlineshoppers,PageValues,205,28,341,3,1,2,-1,0.03571428571428571,0.035714285714285705,29.0,23.869565217391305,37,3046,0.012147078135259356
onlineshoppers,PageValues,206,27,348,3,1,3,-1,0.03703703703703703,0.037037037037037035,28.0,24.333333333333332,31,3028,0.01023778071334214
onlineshoppers,PageValues,207,28,365,4,1,2,-1,0.03571428571428571,0.035714285714285705,29.0,26.130434782608695,38,3142,0.0120942075111394
onlineshoppers,PageValues,208,27,351,3,1,2,-1,0.037037037037037035,0.037037037037037035,22.5,24.318181818181817,34,3044,0.011169513797634692
onlineshoppers,PageValues,209,27,354,3,1,1,-1,0.037037037037037035,0.037037037037037035,26.0,26.857142857142858,38,2928,0.012978142076502733
onlineshoppers,PageValues,210,27,361,3,1,2,-1,0.03703703703703703,0.03703703703703703,30.0,26.63157894736842,34,3014,0.0112806901128069
onlineshoppers,PageValues,211,28,365,3,1,2,-1,0.035714285714285705,0.03571428571428572,22.0,24.347826086956523,39,3018,0.012922465208747515
onlineshoppers,PageValues,212,28,338,3,1,2,-1,0.035714285714285705,0.03571428571428571,21.5,23.35,37,2942,0.01257647858599592
onlineshoppers,PageValues,213,27,350,3,1,2,-1,0.03703703703703703,0.037037037037037035,27.0,24.31578947368421,33,2988,0.01104417670682731
onlineshoppers,PageValues,214,27,354,3,1,2,-1,0.037037037037037035,0.037037037037037035,26.5,26.22222222222222,34,2952,0.011517615176151762
onlineshoppers,PageValues,215,28,353,3,1,3,-1,0.03571428571428572,0.03571428571428571,24.0,24.608695652173914,35,3048,0.011482939632545932
onlineshoppers,PageValues,216,27,305,3,1,2,-1,0.037037037037037035,0.037037037037037035,23.0,21.941176470588236,33,2980,0.011073825503355705
onlineshoppers,PageValues,217,28,336,3,1,2,-1,0.03571428571428571,0.03571428571428571,21.0,24.761904761904763,35,2902,0.012060647829083391
onlineshoppers,PageValues,218,28,389,3,1,1,-1,0.035714285714285705,0.035714285714285705,31.5,29.136363636363637,30,2978,0.010073875083948958
onlineshoppers,PageValues,219,28,365,3,1,3,-1,0.03571428571428571,0.03571428571428571,27.5,25.59090909090909,39,2898,0.013457556935817806
onlineshoppers,PageValues,220,28,381,3,1,1,-1,0.03571428571428571,0.035714285714285705,27.0,26.56,38,2876,0.01321279554937413
onlineshoppers,PageValues,221,27,387,2,1,1,-1,0.037037037037037035,0.03703703703703704,33.0,29.28,39,3080,0.012662337662337663
onlineshoppers,PageValues,222,27,352,3,1,1,-1,0.037037037037037035,0.037037037037037035,26.0,25.25,32,2996,0.010680907877169559
onlineshoppers,PageValues,223,27,368,3,1,1,-1,0.037037037037037035,0.037037037037037035,24.0,25.88235294117647,29,2976,0.009744623655913979
onlineshoppers,PageValues,224,28,384,3,1,1,-1,0.035714285714285705,0.03571428571428571,27.0,26.47826086956522,31,3028,0.01023778071334214
onlineshoppers,PageValues,225,28,382,3,1,2,-1,0.03571428571428571,0.03571428571428571,28.5,26.727272727272727,30,2900,0.010344827586206896
onlineshoppers,PageValues,226,28,322,3,1,2,-1,0.03571428571428572,0.03571428571428571,26.5,23.0,37,3090,0.01197411003236246
onlineshoppers,PageValues,227,28,383,3,1,1,-1,0.03571428571428571,0.03571428571428571,23.0,25.272727272727273,39,3050,0.012786885245901639
onlineshoppers,PageValues,228,28,336,3,1,2,-1,0.03571428571428571,0.03571428571428571,22.0,23.227272727272727,38,2984,0.012734584450402145
onlineshoppers,PageValues,229,28,336,3,1,1,-1,0.035714285714285705,0.03571428571428571,25.0,24.136363636363637,36,3062,0.011757021554539516
onlineshoppers,PageValues,230,27,354,3,1,1,-1,0.037037037037037035,0.03703703703703703,30.5,26.954545454545453,30,2970,0.010101010101010102
onlineshoppers,PageValues,231,28,383,3,1,2,-1,0.03571428571428571,0.03571428571428571,24.0,27.57894736842105,31,2984,0.010388739946380697
onlineshoppers,PageValues,232,28,383,3,1,1,-1,0.03571428571428572,0.03571428571428572,34.0,30.0,31,2980,0.01040268456375839
onlineshoppers,PageValues,233,28,288,3,1,5,-1,0.03571428571428572,0.03571428571428571,21.5,20.833333333333332,31,2964,0.010458839406207827
onlineshoppers,PageValues,234,28,351,3,1,2,-1,0.03571428571428573,0.03571428571428571,24.0,24.333333333333332,36,2992,0.012032085561497326
onlineshoppers,PageValues,235,27,325,3,1,2,-1,0.03703703703703704,0.03703703703703703,24.5,24.0,32,3008,0.010638297872340425
onlineshoppers,PageValues,236,26,351,3,1,2,-1,0.038461538461538464,0.03846153846153847,33.0,29.41176470588235,34,3010,0.011295681063122924
onlineshoppers,PageValues,237,28,374,3,1,2,-1,0.03571428571428572,0.03571428571428572,29.0,25.869565217391305,35,2946,0.01188051595383571
onlineshoppers,PageValues,238,28,369,3,1,2,-1,0.03571428571428571,0.03571428571428571,27.0,25.41176470588235,31,2998,0.010340226817878585
onlineshoppers,PageValues,239,28,334,3,1,2,-1,0.03571428571428571,0.035714285714285705,18.0,22.095238095238095,35,2938,0.011912865895166781
onlineshoppers,PageValues,240,28,345,3,1,1,-1,0.03571428571428571,0.03571428571428571,23.0,24.105263157894736,43,3110,0.01382636655948553
onlineshoppers,PageValues,241,27,369,3,1,3,-1,0.037037037037037035,0.037037037037037035,28.0,25.8,31,3058,0.010137344669718771
onlineshoppers,PageValues,242,27,364,3,1,2,-1,0.037037037037037035,0.037037037037037035,24.0,25.80952380952381,33,2908,0.011348005502063274
onlineshoppers,PageValues,243,27,374,2,1,1,-1,0.03703703703703703,0.037037037037037035,22.5,25.5625,30,3002,0.009993337774816789
onlineshoppers,PageValues,244,27,364,3,1,1,-1,0.037037037037037035,0.037037037037037035,33.0,27.94736842105263,30,2948,0.0101763907734057
onlineshoppers,PageValues,245,27,362,3,1,2,-1,0.037037037037037035,0.03703703703703704,26.0,25.434782608695652,30,2972,0.010094212651413189
onlineshoppers,PageValues,246,27,348,3,1,3,-1,0.037037037037037035,0.037037037037037035,21.5,23.72222222222222,36,2872,0.012534818941504178
onlineshoppers,PageValues,247,28,332,3,1,1,-1,0.03571428571428571,0.03571428571428572,29.0,24.11764705882353,33,2954,0.01117129316181449
onlineshoppers,PageValues,248,27,307,3,1,1,-1,0.037037037037037035,0.037037037037037035,30.0,24.05263157894737,34,3084,0.011024643320363165
onlineshoppers,PageValues,249,28,384,3,1,1,-1,0.035714285714285705,0.03571428571428571,28.5,27.5,28,3042,0.009204470742932281
onlineshoppers,PageValues,250,27,358,3,1,2,-1,0.037037037037037035,0.03703703703703704,31.0,28.210526315789473,40,2862,0.013976240391334731
onlineshoppers,PageValues,251,28,411,2,1,1,-1,0.03571428571428572,0.03571428571428571,25.5,28.59090909090909,30,2960,0.010135135135135136
onlineshoppers,PageValues,252,28,369,3,1,2,-1,0.03571428571428572,0.035714285714285705,24.0,23.818181818181817,29,2970,0.009764309764309764
onlineshoppers,PageValues,253,28,340,3,1,3,-1,0.035714285714285705,0.03571428571428571,26.5,24.636363636363637,33,2836,0.0116361071932299
onlineshoppers,PageValues,254,27,357,3,1,2,-1,0.03703703703703703,0.037037037037037035,28.5,26.25,33,2992,0.011029411764705883
onlineshoppers,PageValues,255,27,325,3,1,2,-1,0.037037037037037035,0.037037037037037035,28.0,23.263157894736842,34,3006,0.011310711909514305
onlineshoppers,PageValues,256,28,368,3,1,1,-1,0.03571428571428572,0.03571428571428571,24.0,25.434782608695652,34,3046,0.011162179908076166
onlineshoppers,PageValues,257,27,370,3,1,1,-1,0.03703703703703703,0.037037037037037035,26.5,25.272727272727273,29,3046,0.009520682862770847
onlineshoppers,PageValues,258,28,376,3,1,3,-1,0.03571428571428572,0.0357142857142857,26.0,25.5,31,2948,0.01051560379918589
onlineshoppers,PageValues,259,27,343,3,1,2,-1,0.037037037037037035,0.03703703703703703,23.0,24.823529411764707,27,3018,0.008946322067594433
onlineshoppers,PageValues,260,27,338,3,1,3,-1,0.037037037037037035,0.03703703703703704,22.0,22.789473684210527,30,2972,0.010094212651413189
onlineshoppers,PageValues,261,28,356,3,1,5,-1,0.03571428571428571,0.03571428571428571,32.0,28.19047619047619,33,3058,0.01079136690647482
onlineshoppers,PageValues,262,27,342,3,1,2,-1,0.03703703703703703,0.037037037037037035,26.5,24.77777777777778,35,2964,0.011808367071524967
onlineshoppers,PageValues,263,28,347,3,1,2,-1,0.03571428571428571,0.03571428571428572,26.0,24.727272727272727,30,3022,0.009927200529450696
onlineshoppers,PageValues,264,28,349,3,1,3,-1,0.035714285714285705,0.03571428571428571,24.0,23.764705882352942,34,3022,0.011250827266710787
onlineshoppers,PageValues,265,26,317,3,1,2,-1,0.03846153846153846,0.03846153846153847,23.0,22.57894736842105,39,2976,0.01310483870967742
onlineshoppers,PageValues,266,27,350,3,1,2,-1,0.037037037037037035,0.037037037037037035,21.0,23.105263157894736,33,3042,0.010848126232741617
onlineshoppers,PageValues,267,27,346,3,1,2,-1,0.03703703703703704,0.037037037037037035,20.5,23.88888888888889,33,2956,0.011163734776725304
onlineshoppers,PageValues,268,28,351,3,1,1,-1,0.03571428571428572,0.03571428571428572,33.0,25.761904761904763,38,2936,0.012942779291553134
onlineshoppers,PageValues,269,27,344,3,1,2,-1,0.03703703703703704,0.037037037037037035,21.0,25.17391304347826,33,2994,0.011022044088176353
onlineshoppers,PageValues,270,27,358,3,1,2,-1,0.037037037037037035,0.037037037037037056,27.0,26.91304347826087,34,3102,0.01096067053513862
onlineshoppers,PageValues,271,27,367,2,1,1,-1,0.03703703703703704,0.037037037037037035,26.0,26.043478260869566,33,2928,0.011270491803278689
onlineshoppers,PageValues,272,26,332,3,1,1,-1,0.038461538461538464,0.038461538461538464,24.0,24.11111111111111,32,3004,0.010652463382157125
onlineshoppers,PageValues,273,28,339,3,1,2,-1,0.035714285714285705,0.03571428571428571,22.0,24.857142857142858,29,2946,0.009843856076035303
onlineshoppers,PageValues,274,28,421,2,1,1,-1,0.03571428571428572,0.03571428571428571,33.0,31.19047619047619,33,3046,0.010833880499015102
onlineshoppers,PageValues,275,28,310,3,1,2,-1,0.03571428571428571,0.03571428571428571,22.5,22.5,37,3038,0.012179065174456879
onlineshoppers,PageValues,276,26,374,2,1,2,-1,0.03846153846153847,0.03846153846153847,24.0,26.473684210526315,35,2824,0.012393767705382436
onlineshoppers,PageValues,277,28,358,3,1,2,-1,0.03571428571428572,0.03571428571428571,24.0,24.666666666666668,32,3026,0.010575016523463317
onlineshoppers,PageValues,278,27,326,3,1,1,-1,0.037037037037037035,0.037037037037037035,18.5,22.0,41,2950,0.013898305084745762
onlineshoppers,PageValues,279,28,339,3,1,1,-1,0.03571428571428571,0.03571428571428571,20.0,23.666666666666668,33,3054,0.010805500982318271
onlineshoppers,PageValues,280,28,356,3,1,2,-1,0.03571428571428571,0.03571428571428572,26.0,25.08695652173913,31,3114,0.00995504174694926
onlineshoppers,PageValues,281,26,342,3,1,2,-1,0.038461538461538464,0.038461538461538464,24.0,24.666666666666668,35,3042,0.011505588428665352
onlineshoppers,PageValues,282,28,308,3,1,5,-1,0.03571428571428572,0.03571428571428571,25.5,22.75,33,3062,0.01077726975832789
onlineshoppers,PageValues,283,28,354,3,1,3,-1,0.03571428571428571,0.03571428571428571,20.0,22.31578947368421,36,3012,0.01195219123505976
onlineshoppers,PageValues,284,28,371,3,1,2,-1,0.03571428571428571,0.03571428571428571,28.0,26.842105263157894,32,3026,0.010575016523463317
onlineshoppers,PageValues,285,28,383,2,1,1,-1,0.03571428571428572,0.03571428571428572,21.0,24.80952380952381,36,3010,0.011960132890365448
onlineshoppers,PageValues,286,28,318,3,1,1,-1,0.03571428571428572,0.03571428571428572,19.0,22.31578947368421,39,2940,0.013265306122448979
onlineshoppers,PageValues,287,28,354,3,1,2,-1,0.03571428571428572,0.035714285714285705,24.0,24.761904761904763,37,3038,0.012179065174456879
onlineshoppers,PageValues,288,27,364,3,1,2,-1,0.037037037037037035,0.037037037037037035,24.5,25.9,35,2970,0.011784511784511785
onlineshoppers,PageValues,289,27,350,3,1,2,-1,0.037037037037037035,0.037037037037037035,20.0,23.294117647058822,30,2976,0.010080645161290322
onlineshoppers,PageValues,290,28,350,3,1,4,-1,0.03571428571428572,0.03571428571428571,32.0,26.571428571428573,32,2884,0.011095700416088766
onlineshoppers,PageValues,291,28,320,3,1,2,-1,0.03571428571428572,0.03571428571428571,17.0,21.666666666666668,33,2928,0.011270491803278689
onlineshoppers,PageValues,292,27,296,3,1,2,-1,0.037037037037037035,0.037037037037037035,29.0,22.42105263157895,32,2980,0.010738255033557046
onlineshoppers,PageValues,293,27,359,3,1,2,-1,0.037037037037037035,0.037037037037037035,27.0,26.31578947368421,36,3006,0.011976047904191617
onlineshoppers,PageValues,294,27,349,3,1,2,-1,0.037037037037037035,0.037037037037037035,22.5,24.666666666666668,33,3078,0.010721247563352826
onlineshoppers,PageValues,295,27,348,3,1,2,-1,0.037037037037037035,0.037037037037037035,25.5,25.363636363636363,29,3016,0.009615384615384616
onlineshoppers,PageValues,296,28,385,3,1,2,-1,0.03571428571428571,0.03571428571428572,32.0,29.095238095238095,32,3110,0.010289389067524116
onlineshoppers,PageValues,297,27,332,3,1,2,-1,0.03703703703703704,0.037037037037037035,30.0,25.636363636363637,39,2990,0.013043478260869565
onlineshoppers,PageValues,298,28,386,2,1,1,-1,0.03571428571428571,0.03571428571428571,24.5,25.454545454545453,37,3024,0.012235449735449735
onlineshoppers,PageValues,299,27,359,3,1,1,-1,0.037037037037037035,0.037037037037037035,21.0,24.529411764705884,33,2948,0.011194029850746268
onlineshoppers,SpecialDay,0,27,346,3,1,4,-1,0.037037037037037035,0.03703703703703704,27.0,24.095238095238095,33,2954,0.01117129316181449
onlineshoppers,SpecialDay,1,28,390,3,1,3,-1,0.035714285714285705,0.03571428571428572,29.0,25.6,34,2912,0.011675824175824176
onlineshoppers,SpecialDay,2,28,382,3,1,3,-1,0.03571428571428571,0.03571428571428571,32.0,27.708333333333332,30,2972,0.010094212651413189
onlineshoppers,SpecialDay,3,27,355,4,1,3,-1,0.03703703703703704,0.037037037037037035,30.0,26.0,36,2898,0.012422360248447204
onlineshoppers,SpecialDay,4,28,346,3,1,2,-1,0.03571428571428571,0.03571428571428572,30.0,26.58823529411765,29,3044,0.009526938239159002
onlineshoppers,SpecialDay,5,28,378,3,1,1,-1,0.03571428571428571,0.03571428571428571,34.0,29.526315789473685,30,3038,0.009874917709019092
onlineshoppers,SpecialDay,6,28,350,3,1,2,-1,0.03571428571428571,0.035714285714285705,30.0,25.782608695652176,36,2988,0.012048192771084338
onlineshoppers,SpecialDay,7,27,345,3,1,2,-1,0.037037037037037035,0.03703703703703704,19.5,23.75,43,3086,0.013933895009721323
onlineshoppers,SpecialDay,8,28,391,3,1,1,-1,0.03571428571428571,0.03571428571428572,23.0,25.263157894736842,38,2992,0.01270053475935829
onlineshoppers,SpecialDay,9,27,375,3,1,2,-1,0.037037037037037035,0.037037037037037035,28.5,26.318181818181817,31,2956,0.010487144790257105
onlineshoppers,SpecialDay,10,27,381,3,1,2,-1,0.03703703703703704,0.037037037037037035,32.0,27.166666666666668,34,3018,0.01126573889993373
onlineshoppers,SpecialDay,11,27,387,2,1,1,-1,0.037037037037037035,0.037037037037037035,31.5,28.4,32,2966,0.01078894133513149
onlineshoppers,SpecialDay,12,27,303,3,1,5,-1,0.037037037037037035,0.037037037037037056,22.5,21.333333333333332,33,3016,0.010941644562334218
onlineshoppers,SpecialDay,13,28,375,3,1,3,-1,0.03571428571428571,0.03571428571428572,29.0,26.73913043478261,36,2962,0.012153950033760972
onlineshoppers,SpecialDay,14,27,409,2,1,1,-1,0.03703703703703704,0.037037037037037035,32.0,30.473684210526315,34,3050,0.011147540983606558
onlineshoppers,SpecialDay,15,28,382,2,1,1,-1,0.03571428571428571,0.03571428571428571,27.0,25.31578947368421,45,2960,0.015202702702702704
onlineshoppers,SpecialDay,16,28,369,3,1,2,-1,0.03571428571428571,0.035714285714285705,29.5,26.818181818181817,34,3000,0.011333333333333334
onlineshoppers,SpecialDay,17,26,366,3,1,1,-1,0.03846153846153846,0.03846153846153847,26.5,26.5,39,2948,0.013229308005427409
onlineshoppers,SpecialDay,18,28,351,3,1,2,-1,0.03571428571428571,0.03571428571428572,23.0,24.0,30,2976,0.010080645161290322
onlineshoppers,SpecialDay,19,28,328,4,1,3,-1,0.03571428571428571,0.03571428571428572,18.0,20.555555555555557,32,3040,0.010526315789473684
onlineshoppers,SpecialDay,20,28,318,4,1,4,-1,0.03571428571428572,0.03571428571428572,17.0,20.75,31,3002,0.010326449033977348
onlineshoppers,SpecialDay,21,27,364,2,1,1,-1,0.037037037037037035,0.037037037037037035,27.0,25.333333333333332,37,3034,0.012195121951219513
onlineshoppers,SpecialDay,22,28,387,3,1,2,-1,0.03571428571428571,0.03571428571428571,24.5,24.95,33,2942,0.011216859279401768
onlineshoppers,SpecialDay,23,27,324,3,1,2,-1,0.03703703703703703,0.03703703703703703,21.0,22.105263157894736,31,2964,0.010458839406207827
onlineshoppers,SpecialDay,24,28,360,3,1,2,-1,0.03571428571428571,0.03571428571428572,30.0,26.055555555555557,33,2950,0.011186440677966102
onlineshoppers,SpecialDay,25,27,364,3,1,2,-1,0.037037037037037035,0.037037037037037035,28.5,26.7,42,3020,0.01390728476821192
onlineshoppers,SpecialDay,26,28,356,3,1,2,-1,0.03571428571428571,0.03571428571428572,21.0,23.416666666666668,30,3002,0.009993337774816789
onlineshoppers,SpecialDay,27,28,337,4,1,4,-1,0.03571428571428571,0.03571428571428571,17.0,22.36842105263158,35,2980,0.01174496644295302
onlineshoppers,SpecialDay,28,28,385,3,1,1,-1,0.03571428571428571,0.03571428571428571,26.0,25.96,35,2994,0.01169004676018704
onlineshoppers,SpecialDay,29,28,356,3,1,4,-1,0.03571428571428571,0.03571428571428572,21.0,22.0,33,2920,0.011301369863013699
onlineshoppers,SpecialDay,30,28,327,3,1,3,-1,0.03571428571428571,0.03571428571428571,29.0,23.095238095238095,30,2886,0.010395010395010396
onlineshoppers,SpecialDay,31,28,351,3,1,2,-1,0.03571428571428571,0.03571428571428571,24.5,25.0,39,3000,0.013
onlineshoppers,SpecialDay,32,27,351,3,1,2,-1,0.03703703703703704,0.037037037037037035,27.0,24.526315789473685,39,2936,0.013283378746594006
onlineshoppers,SpecialDay,33,28,367,3,1,3,-1,0.03571428571428571,0.03571428571428572,28.0,26.045454545454547,34,3040,0.01118421052631579
onlineshoppers,SpecialDay,34,27,372,3,1,4,-1,0.037037037037037035,0.037037037037037035,26.0,26.63157894736842,32,2984,0.010723860589812333
onlineshoppers,SpecialDay,35,27,335,3,1,2,-1,0.037037037037037035,0.03703703703703704,27.5,23.5,38,2960,0.012837837837837839
onlineshoppers,SpecialDay,36,28,404,3,1,1,-1,0.03571428571428572,0.035714285714285705,28.0,28.636363636363637,35,3010,0.011627906976744186
onlineshoppers,SpecialDay,37,26,345,2,1,1,-1,0.038461538461538464,0.038461538461538464,32.0,25.9,42,2994,0.014028056112224449
onlineshoppers,SpecialDay,38,27,380,3,1,1,-1,0.037037037037037035,0.037037037037037035,27.5,26.25,33,3052,0.010812581913499346
onlineshoppers,SpecialDay,39,28,328,3,1,2,-1,0.03571428571428572,0.035714285714285705,25.5,22.88888888888889,32,3004,0.010652463382157125
onlineshoppers,SpecialDay,40,27,303,3,1,2,-1,0.03703703703703704,0.03703703703703703,30.0,24.25,30,2824,0.010623229461756374
onlineshoppers,SpecialDay,41,28,331,3,1,2,-1,0.03571428571428571,0.03571428571428571,24.5,22.944444444444443,30,2926,0.010252904989747095
onlineshoppers,SpecialDay,42,28,405,3,1,2,-1,0.03571428571428572,0.03571428571428571,35.0,30.571428571428573,32,2862,0.011180992313067784
onlineshoppers,SpecialDay,43,28,356,3,1,4,-1,0.03571428571428572,0.03571428571428572,32.5,26.5,34,3068,0.01108213820078227
onlineshoppers,SpecialDay,44,27,358,3,1,2,-1,0.037037037037037035,0.037037037037037035,29.0,26.347826086956523,36,2996,0.012016021361815754
onlineshoppers,SpecialDay,45,27,369,3,1,2,-1,0.03703703703703704,0.03703703703703703,26.0,26.227272727272727,36,3086,0.011665586519766688
onlineshoppers,SpecialDay,46,27,355,3,1,2,-1,0.037037037037037035,0.037037037037037035,26.0,26.043478260869566,38,2992,0.01270053475935829
onlineshoppers,SpecialDay,47,28,357,3,1,2,-1,0.03571428571428571,0.035714285714285705,31.0,24.714285714285715,33,2984,0.011058981233243968
onlineshoppers,SpecialDay,48,26,338,3,1,2,-1,0.03846153846153847,0.03846153846153845,29.0,26.05,29,3022,0.009596293845135672
onlineshoppers,SpecialDay,49,27,341,3,1,2,-1,0.037037037037037035,0.037037037037037035,29.0,25.523809523809526,30,3050,0.009836065573770493
onlineshoppers,SpecialDay,50,28,349,3,1,2,-1,0.03571428571428571,0.03571428571428571,27.0,25.272727272727273,40,2894,0.013821700069108501
onlineshoppers,SpecialDay,51,28,354,3,1,2,-1,0.03571428571428571,0.03571428571428572,31.5,26.272727272727273,37,2974,0.012441156691324815
onlineshoppers,SpecialDay,52,27,358,3,1,1,-1,0.037037037037037035,0.03703703703703703,30.0,25.904761904761905,38,2878,0.01320361362056984
onlineshoppers,SpecialDay,53,28,369,3,1,2,-1,0.03571428571428571,0.03571428571428571,29.0,27.08695652173913,37,2926,0.012645249487354751
onlineshoppers,SpecialDay,54,27,350,3,1,3,-1,0.037037037037037035,0.03703703703703704,21.5,24.0625,37,3034,0.012195121951219513
onlineshoppers,SpecialDay,55,26,347,3,1,2,-1,0.038461538461538464,0.03846153846153847,23.0,23.705882352941178,35,2978,0.01175285426460712
onlineshoppers,SpecialDay,56,28,323,3,1,2,-1,0.03571428571428572,0.03571428571428571,27.0,22.82608695652174,34,3032,0.011213720316622692
onlineshoppers,SpecialDay,57,28,353,2,1,2,-1,0.03571428571428571,0.03571428571428572,22.5,24.65,34,2936,0.011580381471389645
onlineshoppers,SpecialDay,58,27,339,3,1,4,-1,0.037037037037037035,0.03703703703703704,30.0,26.5,30,2910,0.010309278350515464
onlineshoppers,SpecialDay,59,28,378,3,1,2,-1,0.03571428571428571,0.03571428571428571,29.0,26.57894736842105,33,2980,0.011073825503355705
onlineshoppers,SpecialDay,60,28,405,2,1,1,-1,0.03571428571428572,0.03571428571428571,31.0,28.17391304347826,38,2948,0.012890094979647219
onlineshoppers,SpecialDay,61,27,355,2,1,1,-1,0.037037037037037035,0.03703703703703704,27.5,26.59090909090909,37,3062,0.012083605486610059
onlineshoppers,SpecialDay,62,28,379,3,1,3,-1,0.03571428571428572,0.03571428571428572,31.0,26.428571428571427,30,3052,0.009829619921363041
onlineshoppers,SpecialDay,63,28,363,3,1,2,-1,0.03571428571428571,0.03571428571428571,29.0,27.217391304347824,36,2960,0.012162162162162163
onlineshoppers,SpecialDay,64,28,387,3,1,2,-1,0.03571428571428572,0.03571428571428571,31.0,26.75,33,3028,0.010898282694848084
onlineshoppers,SpecialDay,65,28,343,3,1,2,-1,0.03571428571428571,0.03571428571428572,28.0,25.347826086956523,31,2932,0.010572987721691678
onlineshoppers,SpecialDay,66,28,353,3,1,2,-1,0.03571428571428571,0.035714285714285705,24.0,23.952380952380953,35,2974,0.011768661735036988
onlineshoppers,SpecialDay,67,27,328,3,1,3,-1,0.037037037037037035,0.037037037037037035,26.0,22.65,32,2992,0.0106951871657754
onlineshoppers,SpecialDay,68,28,356,3,1,2,-1,0.035714285714285705,0.03571428571428572,27.0,25.333333333333332,34,3036,0.011198945981554678
onlineshoppers,SpecialDay,69,28,382,2,1,1,-1,0.03571428571428572,0.03571428571428571,25.5,25.818181818181817,29,2914,0.009951956074124914
onlineshoppers,SpecialDay,70,28,330,3,1,4,-1,0.03571428571428571,0.03571428571428571,27.5,23.45,36,3020,0.011920529801324504
onlineshoppers,SpecialDay,71,27,363,3,1,2,-1,0.037037037037037035,0.037037037037037035,28.0,26.72222222222222,31,2984,0.010388739946380697
onlineshoppers,SpecialDay,72,28,394,3,1,2,-1,0.035714285714285705,0.03571428571428572,29.0,27.681818181818183,34,2966,0.011463250168577209
onlineshoppers,SpecialDay,73,27,393,2,1,1,-1,0.037037037037037035,0.03703703703703704,27.5,27.863636363636363,33,3058,0.01079136690647482
onlineshoppers,SpecialDay,74,27,369,3,1,2,-1,0.037037037037037035,0.037037037037037035,34.0,28.470588235294116,33,3038,0.010862409479921
onlineshoppers,SpecialDay,75,27,374,3,1,2,-1,0.03703703703703703,0.037037037037037035,23.5,25.22222222222222,28,2928,0.009562841530054645
onlineshoppers,SpecialDay,76,28,374,3,1,2,-1,0.03571428571428571,0.03571428571428571,31.0,26.565217391304348,32,3036,0.010540184453227932
onlineshoppers,SpecialDay,77,28,332,3,1,2,-1,0.03571428571428571,0.03571428571428571,16.0,20.11764705882353,32,3128,0.010230179028132993
onlineshoppers,SpecialDay,78,28,348,3,1,2,-1,0.03571428571428571,0.03571428571428571,18.0,22.714285714285715,33,3082,0.010707332900713823
onlineshoppers,SpecialDay,79,28,349,3,1,2,-1,0.03571428571428571,0.03571428571428571,25.0,24.0,40,2976,0.013440860215053764
onlineshoppers,SpecialDay,80,28,333,3,1,2,-1,0.03571428571428571,0.03571428571428571,29.0,23.31578947368421,36,3014,0.011944260119442602
onlineshoppers,SpecialDay,81,27,330,3,1,2,-1,0.037037037037037035,0.03703703703703704,25.0,23.571428571428573,34,3052,0.011140235910878113
onlineshoppers,SpecialDay,82,28,332,3,1,3,-1,0.03571428571428571,0.03571428571428571,23.0,22.59090909090909,36,2974,0.0121049092131809
onlineshoppers,SpecialDay,83,28,345,3,1,2,-1,0.03571428571428571,0.03571428571428571,30.0,26.57894736842105,36,2954,0.012186865267433988
onlineshoppers,SpecialDay,84,28,363,3,1,4,-1,0.03571428571428571,0.03571428571428571,30.0,25.84,34,2970,0.011447811447811448
onlineshoppers,SpecialDay,85,28,350,3,1,2,-1,0.03571428571428571,0.03571428571428571,31.5,25.0625,35,2842,0.012315270935960592
onlineshoppers,SpecialDay,86,27,389,3,1,2,-1,0.03703703703703703,0.03703703703703704,31.0,27.36842105263158,36,2986,0.012056262558606833
onlineshoppers,SpecialDay,87,27,361,3,1,2,-1,0.037037037037037035,0.037037037037037035,21.0,23.235294117647058,35,3064,0.011422976501305483
onlineshoppers,SpecialDay,88,28,347,3,1,3,-1,0.03571428571428571,0.03571428571428571,30.5,24.4,29,3044,0.009526938239159002
onlineshoppers,SpecialDay,89,28,341,3,1,3,-1,0.03571428571428571,0.03571428571428571,24.0,24.217391304347824,43,2996,0.014352469959946596
onlineshoppers,SpecialDay,90,28,347,3,1,3,-1,0.035714285714285705,0.035714285714285705,20.0,22.11764705882353,39,3088,0.012629533678756476
onlineshoppers,SpecialDay,91,27,365,3,1,2,-1,0.037037037037037035,0.037037037037037035,23.5,23.166666666666668,37,3054,0.012115258677144728
onlineshoppers,SpecialDay,92,28,383,3,1,1,-1,0.03571428571428571,0.03571428571428571,21.0,25.1,35,3022,0.01158173395102581
onlineshoppers,SpecialDay,93,28,340,3,1,2,-1,0.03571428571428571,0.03571428571428571,27.0,25.0,33,3024,0.010912698412698412
onlineshoppers,SpecialDay,94,27,357,3,1,3,-1,0.037037037037037035,0.037037037037037035,25.0,24.238095238095237,31,2954,0.01049424509140149
onlineshoppers,SpecialDay,95,28,382,3,1,2,-1,0.03571428571428571,0.03571428571428571,31.0,26.25,31,2932,0.010572987721691678
onlineshoppers,SpecialDay,96,28,332,3,1,2,-1,0.03571428571428572,0.03571428571428571,25.5,23.65,30,2974,0.010087424344317418
onlineshoppers,SpecialDay,97,28,370,3,1,1,-1,0.03571428571428573,0.03571428571428571,23.0,25.304347826086957,33,2962,0.01114112086428089
onlineshoppers,SpecialDay,98,27,358,2,1,1,-1,0.037037037037037035,0.037037037037037035,32.0,27.57894736842105,35,2950,0.011864406779661017
onlineshoppers,SpecialDay,99,28,341,3,1,3,-1,0.03571428571428571,0.035714285714285705,18.5,22.75,31,3032,0.010224274406332454
onlineshoppers,SpecialDay,100,28,363,3,1,3,-1,0.03571428571428571,0.03571428571428572,26.0,24.31578947368421,38,2900,0.01310344827586207
onlineshoppers,SpecialDay,101,28,353,3,1,2,-1,0.03571428571428571,0.03571428571428571,29.0,25.31578947368421,37,3046,0.012147078135259356
onlineshoppers,SpecialDay,102,27,347,3,1,1,-1,0.03703703703703703,0.037037037037037035,28.0,24.263157894736842,33,2950,0.011186440677966102
onlineshoppers,SpecialDay,103,28,339,3,1,2,-1,0.03571428571428571,0.03571428571428571,29.0,25.61111111111111,33,2832,0.011652542372881356
onlineshoppers,SpecialDay,104,27,330,3,1,3,-1,0.03703703703703704,0.03703703703703703,29.0,24.235294117647058,37,2900,0.012758620689655173
onlineshoppers,SpecialDay,105,28,361,3,1,2,-1,0.03571428571428571,0.035714285714285705,23.5,24.59090909090909,31,2974,0.010423671822461332
onlineshoppers,SpecialDay,106,27,346,3,1,3,-1,0.037037037037037035,0.03703703703703703,24.5,24.65,40,2970,0.013468013468013467
onlineshoppers,SpecialDay,107,28,357,3,1,2,-1,0.03571428571428571,0.03571428571428571,26.5,25.136363636363637,44,2990,0.01471571906354515
onlineshoppers,SpecialDay,108,28,376,3,1,1,-1,0.03571428571428571,0.03571428571428572,24.0,25.61904761904762,34,3048,0.01115485564304462
onlineshoppers,SpecialDay,109,28,373,3,1,2,-1,0.03571428571428571,0.035714285714285705,30.0,27.272727272727273,33,2860,0.011538461538461539
onlineshoppers,SpecialDay,110,28,382,3,1,2,-1,0.03571428571428571,0.03571428571428571,27.5,26.40909090909091,37,3030,0.01221122112211221
onlineshoppers,SpecialDay,111,28,359,3,1,2,-1,0.03571428571428571,0.03571428571428571,32.0,27.736842105263158,32,2854,0.011212333566923615
onlineshoppers,SpecialDay,112,27,314,3,1,4,-1,0.03703703703703703,0.03703703703703704,29.0,24.736842105263158,36,2920,0.012328767123287671
onlineshoppers,SpecialDay,113,27,355,3,1,3,-1,0.037037037037037035,0.03703703703703703,28.0,26.25,37,3032,0.012203166226912929
onlineshoppers,SpecialDay,114,27,347,3,1,2,-1,0.037037037037037035,0.037037037037037035,28.0,25.38095238095238,38,2962,0.012829169480081027
onlineshoppers,SpecialDay,115,28,341,3,1,1,-1,0.03571428571428571,0.035714285714285705,31.0,25.227272727272727,39,3038,0.012837393021724819
onlineshoppers,SpecialDay,116,28,384,3,1,2,-1,0.03571428571428571,0.03571428571428571,25.0,26.181818181818183,37,3060,0.012091503267973857
onlineshoppers,SpecialDay,117,28,354,3,1,2,-1,0.03571428571428572,0.03571428571428571,21.0,23.263157894736842,38,3120,0.01217948717948718
onlineshoppers,SpecialDay,118,26,320,3,1,3,-1,0.03846153846153846,0.03846153846153846,21.0,22.9,31,3032,0.010224274406332454
onlineshoppers,SpecialDay,119,28,331,3,1,3,-1,0.03571428571428571,0.035714285714285705,27.0,23.347826086956523,30,2936,0.010217983651226158
onlineshoppers,SpecialDay,120,28,390,2,1,1,-1,0.03571428571428571,0.03571428571428571,25.5,26.55,25,2974,0.008406186953597848
onlineshoppers,SpecialDay,121,27,359,3,1,2,-1,0.03703703703703704,0.037037037037037035,29.0,26.36842105263158,32,2864,0.0111731843575419
onlineshoppers,SpecialDay,122,28,355,3,1,2,-1,0.03571428571428572,0.03571428571428571,21.0,24.57894736842105,30,3046,0.00984898227183191
onlineshoppers,SpecialDay,123,28,322,3,1,3,-1,0.03571428571428571,0.03571428571428571,23.5,22.77777777777778,34,3112,0.010925449871465296
onlineshoppers,SpecialDay,124,27,382,3,1,2,-1,0.03703703703703703,0.037037037037037035,27.0,26.57894736842105,30,2970,0.010101010101010102
onlineshoppers,SpecialDay,125,28,360,3,1,2,-1,0.035714285714285705,0.03571428571428572,28.5,25.7,31,2994,0.010354041416165664
onlineshoppers,SpecialDay,126,28,325,3,1,2,-1,0.03571428571428572,0.03571428571428571,29.0,23.0,39,3032,0.012862796833773086
onlineshoppers,SpecialDay,127,28,373,4,1,4,-1,0.03571428571428571,0.03571428571428571,31.0,28.666666666666668,41,3130,0.013099041533546326
onlineshoppers,SpecialDay,128,28,314,3,1,3,-1,0.03571428571428571,0.03571428571428571,24.0,22.789473684210527,34,3052,0.011140235910878113
onlineshoppers,SpecialDay,129,28,345,3,1,3,-1,0.03571428571428571,0.03571428571428571,29.0,24.652173913043477,42,3032,0.013852242744063324
onlineshoppers,SpecialDay,130,28,418,3,1,1,-1,0.03571428571428571,0.03571428571428571,27.0,27.857142857142858,30,3022,0.009927200529450696
onlineshoppers,SpecialDay,131,27,346,3,1,3,-1,0.037037037037037035,0.03703703703703703,25.0,24.666666666666668,38,2890,0.01314878892733564
onlineshoppers,SpecialDay,132,26,356,3,1,2,-1,0.038461538461538464,0.038461538461538464,25.5,25.45,36,3026,0.011896893588896233
onlineshoppers,SpecialDay,133,28,316,3,1,3,-1,0.03571428571428572,0.03571428571428571,30.0,24.0,37,3016,0.01226790450928382
onlineshoppers,SpecialDay,134,28,351,3,1,2,-1,0.035714285714285705,0.03571428571428571,22.0,23.473684210526315,36,3062,0.011757021554539516
onlineshoppers,SpecialDay,135,28,314,3,1,2,-1,0.03571428571428571,0.03571428571428571,22.5,21.72222222222222,36,2870,0.012543554006968641
onlineshoppers,SpecialDay,136,28,326,4,1,5,-1,0.03571428571428571,0.03571428571428572,30.0,24.09090909090909,37,2958,0.012508451656524679
onlineshoppers,SpecialDay,137,28,365,3,1,1,-1,0.03571428571428571,0.03571428571428572,26.0,25.94736842105263,31,3038,0.01020408163265306
onlineshoppers,SpecialDay,138,28,352,3,1,2,-1,0.03571428571428571,0.03571428571428571,28.0,26.31578947368421,37,3098,0.011943189154293092
onlineshoppers,SpecialDay,139,27,353,3,1,2,-1,0.037037037037037035,0.037037037037037035,23.0,23.19047619047619,37,2856,0.012955182072829132
onlineshoppers,SpecialDay,140,27,338,3,1,2,-1,0.03703703703703703,0.03703703703703704,31.0,25.61111111111111,33,2942,0.011216859279401768
onlineshoppers,SpecialDay,141,28,379,3,1,3,-1,0.035714285714285705,0.03571428571428572,29.5,26.772727272727273,33,3020,0.010927152317880795
onlineshoppers,SpecialDay,142,28,379,3,1,2,-1,0.03571428571428571,0.03571428571428571,25.5,26.05,39,2942,0.013256288239292998
onlineshoppers,SpecialDay,143,27,378,3,1,1,-1,0.037037037037037035,0.03703703703703703,25.5,25.25,33,3014,0.010948905109489052
onlineshoppers,SpecialDay,144,28,344,3,1,4,-1,0.03571428571428572,0.035714285714285705,22.0,22.333333333333332,30,2868,0.010460251046025104
onlineshoppers,SpecialDay,145,28,386,3,1,2,-1,0.03571428571428571,0.035714285714285705,27.0,26.238095238095237,30,2980,0.010067114093959731
onlineshoppers,SpecialDay,146,28,370,3,1,2,-1,0.03571428571428571,0.03571428571428571,30.0,26.958333333333332,35,3056,0.011452879581151832
onlineshoppers,SpecialDay,147,28,415,2,1,1,-1,0.03571428571428571,0.03571428571428571,30.0,29.56,33,3080,0.010714285714285714
onlineshoppers,SpecialDay,148,26,366,2,1,1,-1,0.038461538461538464,0.03846153846153847,32.0,27.894736842105264,35,2932,0.011937244201909959
onlineshoppers,SpecialDay,149,28,401,3,1,1,-1,0.03571428571428571,0.03571428571428571,28.0,28.304347826086957,35,2990,0.011705685618729096
onlineshoppers,SpecialDay,150,27,354,3,1,1,-1,0.037037037037037035,0.037037037037037035,29.5,25.90909090909091,38,3030,0.012541254125412541
onlineshoppers,SpecialDay,151,28,411,2,1,1,-1,0.03571428571428571,0.03571428571428571,28.0,28.428571428571427,40,2956,0.013531799729364006
onlineshoppers,SpecialDay,152,28,348,3,1,2,-1,0.03571428571428571,0.03571428571428572,25.0,24.05,36,3084,0.011673151750972763
onlineshoppers,SpecialDay,153,28,353,3,1,1,-1,0.03571428571428572,0.03571428571428572,21.0,22.772727272727273,32,3018,0.010603048376408217
onlineshoppers,SpecialDay,154,28,357,3,1,2,-1,0.03571428571428571,0.03571428571428572,33.0,27.210526315789473,39,2952,0.013211382113821139
onlineshoppers,SpecialDay,155,28,375,2,1,1,-1,0.03571428571428572,0.03571428571428572,27.0,25.217391304347824,34,3074,0.011060507482108002
onlineshoppers,SpecialDay,156,28,382,3,1,2,-1,0.03571428571428571,0.03571428571428571,23.0,24.0,32,2990,0.010702341137123745
onlineshoppers,SpecialDay,157,28,357,3,1,3,-1,0.03571428571428572,0.03571428571428572,21.5,22.5,36,2976,0.012096774193548387
onlineshoppers,SpecialDay,158,27,338,3,1,2,-1,0.037037037037037035,0.03703703703703704,15.5,20.666666666666668,38,2944,0.012907608695652174
onlineshoppers,SpecialDay,159,28,358,3,1,3,-1,0.03571428571428571,0.03571428571428572,26.0,24.0,32,2822,0.011339475549255847
onlineshoppers,SpecialDay,160,28,345,3,1,4,-1,0.03571428571428571,0.035714285714285705,29.0,24.761904761904763,40,3050,0.013114754098360656
onlineshoppers,SpecialDay,161,28,415,3,1,1,-1,0.035714285714285705,0.035714285714285705,34.0,30.347826086956523,27,2990,0.009030100334448161
onlineshoppers,SpecialDay,162,27,343,3,1,3,-1,0.037037037037037035,0.037037037037037035,30.0,24.9,33,3134,0.010529674537332482
onlineshoppers,SpecialDay,163,27,370,3,1,3,-1,0.037037037037037035,0.037037037037037035,26.0,25.61904761904762,39,3006,0.012974051896207584
onlineshoppers,SpecialDay,164,27,367,3,1,3,-1,0.037037037037037035,0.037037037037037035,24.0,24.833333333333332,43,2936,0.014645776566757493
onlineshoppers,SpecialDay,165,28,368,3,1,2,-1,0.035714285714285705,0.03571428571428571,25.0,25.782608695652176,34,2926,0.01161995898838004
onlineshoppers,SpecialDay,166,28,387,3,1,2,-1,0.03571428571428571,0.03571428571428571,34.0,29.476190476190474,35,2878,0.012161223071577484
onlineshoppers,SpecialDay,167,27,369,3,1,2,-1,0.037037037037037035,0.037037037037037035,28.5,27.3,34,3008,0.011303191489361703
onlineshoppers,SpecialDay,168,28,379,3,1,3,-1,0.03571428571428572,0.035714285714285705,28.0,26.333333333333332,32,2922,0.010951403148528405
onlineshoppers,SpecialDay,169,28,368,3,1,2,-1,0.03571428571428571,0.03571428571428572,27.5,25.454545454545453,37,2946,0.012559402579769178
onlineshoppers,SpecialDay,170,28,361,3,1,2,-1,0.03571428571428571,0.03571428571428571,20.0,23.473684210526315,37,2970,0.012457912457912458
onlineshoppers,SpecialDay,171,28,312,3,1,2,-1,0.03571428571428572,0.03571428571428572,28.0,22.526315789473685,40,2960,0.013513513513513514
onlineshoppers,SpecialDay,172,27,331,3,1,2,-1,0.03703703703703704,0.03703703703703703,27.0,24.529411764705884,35,3066,0.01141552511415525
onlineshoppers,SpecialDay,173,28,379,3,1,2,-1,0.03571428571428571,0.03571428571428571,25.0,24.904761904761905,34,3052,0.011140235910878113
onlineshoppers,SpecialDay,174,28,383,3,1,2,-1,0.03571428571428571,0.035714285714285705,24.0,24.88888888888889,33,3012,0.010956175298804782
onlineshoppers,SpecialDay,175,27,378,3,1,3,-1,0.037037037037037035,0.037037037037037035,30.0,27.428571428571427,32,2974,0.010759919300605245
onlineshoppers,SpecialDay,176,28,418,3,1,1,-1,0.03571428571428571,0.03571428571428572,30.5,30.5,31,2996,0.01034712950600801
onlineshoppers,SpecialDay,177,28,336,3,1,1,-1,0.03571428571428572,0.03571428571428571,23.0,22.285714285714285,36,3008,0.011968085106382979
onlineshoppers,SpecialDay,178,27,337,3,1,5,-1,0.037037037037037035,0.037037037037037035,27.0,24.7,34,3046,0.011162179908076166
onlineshoppers,SpecialDay,179,28,333,3,1,3,-1,0.035714285714285705,0.035714285714285705,19.0,22.294117647058822,39,3124,0.012483994878361075
onlineshoppers,SpecialDay,180,28,323,3,1,3,-1,0.03571428571428571,0.03571428571428572,21.0,21.636363636363637,31,3004,0.010319573901464714
onlineshoppers,SpecialDay,181,28,372,3,1,2,-1,0.03571428571428572,0.03571428571428572,26.0,25.842105263157894,31,2906,0.010667584308327599
onlineshoppers,SpecialDay,182,28,367,3,1,2,-1,0.03571428571428571,0.03571428571428571,26.5,26.2,35,2986,0.01172136637642331
onlineshoppers,SpecialDay,183,28,324,4,1,4,-1,0.03571428571428573,0.035714285714285705,24.0,22.45,35,2978,0.01175285426460712
onlineshoppers,SpecialDay,184,28,354,3,1,1,-1,0.03571428571428571,0.035714285714285705,21.0,23.92,44,3026,0.014540647719762063
onlineshoppers,SpecialDay,185,27,405,2,1,1,-1,0.037037037037037035,0.037037037037037035,34.0,29.666666666666668,32,3022,0.010589013898080741
onlineshoppers,SpecialDay,186,28,353,3,1,2,-1,0.03571428571428571,0.03571428571428572,25.0,24.363636363636363,26,2986,0.008707300736771601
onlineshoppers,SpecialDay,187,27,342,3,1,2,-1,0.037037037037037035,0.037037037037037035,18.0,21.473684210526315,36,3024,0.011904761904761904
onlineshoppers,SpecialDay,188,28,340,3,1,2,-1,0.03571428571428572,0.035714285714285705,21.0,23.38095238095238,33,2980,0.011073825503355705
onlineshoppers,SpecialDay,189,28,353,3,1,1,-1,0.03571428571428571,0.03571428571428571,20.0,22.842105263157894,30,2984,0.010053619302949061
onlineshoppers,SpecialDay,190,28,380,3,1,2,-1,0.03571428571428572,0.03571428571428572,26.0,25.26086956521739,30,2998,0.01000667111407605
onlineshoppers,SpecialDay,191,28,360,3,1,2,-1,0.03571428571428572,0.03571428571428571,18.0,21.88235294117647,35,3006,0.011643379906852961
onlineshoppers,SpecialDay,192,27,370,4,1,3,-1,0.03703703703703704,0.037037037037037035,22.5,24.25,46,2926,0.01572112098427888
onlineshoppers,SpecialDay,193,27,405,3,1,2,-1,0.03703703703703704,0.037037037037037035,32.0,29.333333333333332,35,3068,0.011408083441981747
onlineshoppers,SpecialDay,194,28,406,2,1,1,-1,0.03571428571428571,0.03571428571428572,29.0,29.217391304347824,31,2962,0.010465901417960837
onlineshoppers,SpecialDay,195,27,368,3,1,3,-1,0.037037037037037035,0.03703703703703704,33.0,27.842105263157894,34,3050,0.011147540983606558
onlineshoppers,SpecialDay,196,28,352,3,1,3,-1,0.03571428571428571,0.03571428571428571,20.0,23.894736842105264,38,2974,0.012777404169468728
onlineshoppers,SpecialDay,197,28,387,3,1,1,-1,0.03571428571428571,0.03571428571428571,31.0,27.15,30,3118,0.009621552277100705
onlineshoppers,SpecialDay,198,28,380,3,1,2,-1,0.03571428571428571,0.035714285714285705,26.5,27.045454545454547,34,3104,0.01095360824742268
onlineshoppers,SpecialDay,199,27,342,3,1,3,-1,0.037037037037037035,0.037037037037037035,31.0,26.818181818181817,38,2886,0.013167013167013167
onlineshoppers,SpecialDay,200,27,334,3,1,2,-1,0.03703703703703704,0.037037037037037035,21.0,23.3,37,2974,0.012441156691324815
onlineshoppers,SpecialDay,201,28,338,3,1,2,-1,0.035714285714285705,0.03571428571428571,21.0,22.40909090909091,32,3062,0.010450685826257348
onlineshoppers,SpecialDay,202,27,313,3,1,4,-1,0.03703703703703704,0.03703703703703704,25.0,22.36842105263158,37,2918,0.012679917751884852
onlineshoppers,SpecialDay,203,28,371,3,1,3,-1,0.03571428571428571,0.03571428571428573,30.0,26.4,41,2942,0.013936097892590074
onlineshoppers,SpecialDay,204,28,404,3,1,1,-1,0.03571428571428571,0.03571428571428573,32.5,30.227272727272727,35,3080,0.011363636363636364
onlineshoppers,SpecialDay,205,28,344,3,1,2,-1,0.03571428571428571,0.035714285714285705,27.0,25.0,28,2956,0.009472259810554804
onlineshoppers,SpecialDay,206,28,347,3,1,2,-1,0.03571428571428572,0.03571428571428572,27.0,26.40909090909091,35,2890,0.012110726643598616
onlineshoppers,SpecialDay,207,28,347,3,1,2,-1,0.03571428571428571,0.03571428571428571,28.0,25.8125,38,3020,0.012582781456953643
onlineshoppers,SpecialDay,208,27,333,3,1,2,-1,0.037037037037037035,0.037037037037037035,31.0,26.894736842105264,30,2874,0.010438413361169102
onlineshoppers,SpecialDay,209,28,404,3,1,2,-1,0.03571428571428571,0.03571428571428571,34.0,29.857142857142858,30,2952,0.01016260162601626
onlineshoppers,SpecialDay,210,28,352,3,1,2,-1,0.03571428571428571,0.03571428571428571,31.0,25.4,33,3090,0.010679611650485437
onlineshoppers,SpecialDay,211,27,325,3,1,2,-1,0.03703703703703704,0.037037037037037035,22.5,22.2,40,2890,0.01384083044982699
onlineshoppers,SpecialDay,212,27,331,3,1,3,-1,0.03703703703703703,0.037037037037037035,26.0,22.41176470588235,33,2976,0.011088709677419355
onlineshoppers,SpecialDay,213,28,352,3,1,3,-1,0.03571428571428571,0.035714285714285705,24.0,23.94736842105263,40,2888,0.013850415512465374
onlineshoppers,SpecialDay,214,27,379,3,1,1,-1,0.037037037037037035,0.03703703703703704,27.0,27.5,34,2862,0.011879804332634521
onlineshoppers,SpecialDay,215,27,358,3,1,2,-1,0.037037037037037035,0.037037037037037035,26.0,24.842105263157894,34,2926,0.01161995898838004
onlineshoppers,SpecialDay,216,28,362,3,1,3,-1,0.03571428571428572,0.03571428571428571,23.0,25.263157894736842,31,2930,0.010580204778156996
onlineshoppers,SpecialDay,217,28,335,3,1,3,-1,0.03571428571428571,0.03571428571428571,26.0,24.095238095238095,36,2956,0.012178619756427604
onlineshoppers,SpecialDay,218,27,357,3,1,2,-1,0.03703703703703704,0.037037037037037035,25.0,25.333333333333332,38,3026,0.01255783212161269
onlineshoppers,SpecialDay,219,28,366,3,1,2,-1,0.03571428571428571,0.03571428571428571,28.0,26.473684210526315,43,3024,0.014219576719576719
onlineshoppers,SpecialDay,220,27,342,3,1,2,-1,0.037037037037037035,0.03703703703703703,29.0,25.954545454545453,32,2890,0.011072664359861591
onlineshoppers,SpecialDay,221,28,339,3,1,1,-1,0.03571428571428572,0.03571428571428571,20.5,22.318181818181817,42,2912,0.014423076923076924
onlineshoppers,SpecialDay,222,27,305,3,1,2,-1,0.03703703703703704,0.037037037037037035,27.5,22.5,31,2988,0.010374832663989291
onlineshoppers,SpecialDay,223,28,340,3,1,3,-1,0.03571428571428572,0.035714285714285705,21.5,23.363636363636363,32,2934,0.010906612133605999
onlineshoppers,SpecialDay,224,27,373,3,1,3,-1,0.037037037037037035,0.037037037037037035,32.5,27.9,31,2990,0.01036789297658863
onlineshoppers,SpecialDay,225,27,382,2,1,1,-1,0.037037037037037035,0.037037037037037035,27.0,25.842105263157894,33,3076,0.010728218465539662
onlineshoppers,SpecialDay,226,28,318,3,1,2,-1,0.03571428571428571,0.03571428571428571,27.0,22.736842105263158,34,2960,0.011486486486486487
onlineshoppers,SpecialDay,227,28,367,3,1,3,-1,0.03571428571428571,0.035714285714285705,24.5,24.636363636363637,29,2960,0.009797297297297298
onlineshoppers,SpecialDay,228,27,326,3,1,2,-1,0.03703703703703704,0.037037037037037035,30.0,24.526315789473685,34,3072,0.011067708333333334
onlineshoppers,SpecialDay,229,27,366,3,1,3,-1,0.037037037037037035,0.03703703703703704,24.5,24.75,43,2966,0.01449763991908294
onlineshoppers,SpecialDay,230,27,368,3,1,2,-1,0.03703703703703704,0.03703703703703704,26.0,26.238095238095237,37,2902,0.012749827705031013
onlineshoppers,SpecialDay,231,28,342,3,1,3,-1,0.03571428571428571,0.03571428571428572,26.0,24.31578947368421,33,2958,0.011156186612576065
onlineshoppers,SpecialDay,232,28,343,3,1,3,-1,0.035714285714285705,0.03571428571428571,24.5,22.318181818181817,36,3070,0.011726384364820847
onlineshoppers,SpecialDay,233,27,371,3,1,2,-1,0.03703703703703704,0.03703703703703703,30.0,27.47826086956522,40,2900,0.013793103448275862
onlineshoppers,SpecialDay,234,27,383,3,1,1,-1,0.037037037037037035,0.037037037037037035,24.5,25.77777777777778,37,3018,0.012259774685222002
onlineshoppers,SpecialDay,235,28,378,3,1,4,-1,0.03571428571428571,0.03571428571428571,27.0,26.857142857142858,35,2902,0.012060647829083391
onlineshoppers,SpecialDay,236,28,335,3,1,2,-1,0.03571428571428571,0.03571428571428571,23.5,22.916666666666668,36,2970,0.012121212121212121
onlineshoppers,SpecialDay,237,28,320,4,1,4,-1,0.03571428571428571,0.03571428571428571,24.0,22.5,37,2946,0.012559402579769178
onlineshoppers,SpecialDay,238,27,351,3,1,2,-1,0.037037037037037035,0.037037037037037035,28.0,23.105263157894736,40,2952,0.013550135501355014
onlineshoppers,SpecialDay,239,27,411,3,1,1,-1,0.037037037037037035,0.037037037037037035,35.0,31.5,29,2982,0.009725016767270288
onlineshoppers,SpecialDay,240,27,381,3,1,2,-1,0.03703703703703704,0.03703703703703703,31.0,27.772727272727273,38,3040,0.0125
onlineshoppers,SpecialDay,241,28,369,3,1,3,-1,0.03571428571428571,0.03571428571428571,30.5,26.75,35,2914,0.012010981468771447
onlineshoppers,SpecialDay,242,28,322,3,1,1,-1,0.035714285714285705,0.03571428571428572,27.5,24.09090909090909,38,3048,0.012467191601049869
onlineshoppers,SpecialDay,243,28,366,3,1,1,-1,0.03571428571428572,0.03571428571428571,23.0,24.857142857142858,45,3006,0.014970059880239521
onlineshoppers,SpecialDay,244,27,332,3,1,2,-1,0.037037037037037035,0.03703703703703704,18.0,22.047619047619047,30,2966,0.010114632501685773
onlineshoppers,SpecialDay,245,28,323,3,1,6,-1,0.03571428571428571,0.03571428571428571,24.0,21.058823529411764,38,2970,0.012794612794612794
onlineshoppers,SpecialDay,246,28,327,3,1,3,-1,0.03571428571428571,0.03571428571428572,31.0,24.894736842105264,34,2996,0.011348464619492658
onlineshoppers,SpecialDay,247,28,341,3,1,4,-1,0.03571428571428571,0.03571428571428572,22.0,22.470588235294116,31,3058,0.010137344669718771
onlineshoppers,SpecialDay,248,27,341,3,1,2,-1,0.037037037037037035,0.037037037037037035,32.0,27.157894736842106,30,2938,0.010211027910142955
onlineshoppers,SpecialDay,249,28,413,3,1,1,-1,0.03571428571428571,0.03571428571428571,25.5,27.208333333333332,33,2984,0.011058981233243968
onlineshoppers,SpecialDay,250,28,400,3,1,1,-1,0.03571428571428571,0.03571428571428571,25.5,27.318181818181817,28,2974,0.00941492938802959
onlineshoppers,SpecialDay,251,28,398,3,1,1,-1,0.035714285714285705,0.03571428571428571,28.0,27.217391304347824,28,2948,0.009497964721845319
onlineshoppers,SpecialDay,252,26,307,3,1,2,-1,0.038461538461538464,0.03846153846153846,20.5,21.25,33,2900,0.011379310344827587
onlineshoppers,SpecialDay,253,27,385,3,1,1,-1,0.037037037037037035,0.037037037037037035,33.0,28.526315789473685,35,3030,0.01155115511551155
onlineshoppers,SpecialDay,254,28,349,3,1,1,-1,0.03571428571428572,0.03571428571428571,18.5,22.22222222222222,33,2930,0.011262798634812287
onlineshoppers,SpecialDay,255,27,352,2,1,2,-1,0.037037037037037035,0.03703703703703703,27.0,25.65,35,2978,0.01175285426460712
onlineshoppers,SpecialDay,256,28,306,4,1,4,-1,0.03571428571428571,0.03571428571428571,24.0,21.11111111111111,28,3050,0.009180327868852459
onlineshoppers,SpecialDay,257,28,374,3,1,2,-1,0.03571428571428571,0.03571428571428571,32.0,27.095238095238095,31,3030,0.01023102310231023
onlineshoppers,SpecialDay,258,27,344,3,1,1,-1,0.037037037037037056,0.037037037037037035,21.0,23.42105263157895,33,2966,0.011126095751854349
onlineshoppers,SpecialDay,259,27,374,3,1,2,-1,0.03703703703703703,0.03703703703703704,24.0,24.833333333333332,33,2954,0.01117129316181449
onlineshoppers,SpecialDay,260,27,353,3,1,1,-1,0.037037037037037035,0.03703703703703703,28.5,26.3,42,2982,0.014084507042253521
onlineshoppers,SpecialDay,261,27,333,4,1,4,-1,0.037037037037037035,0.037037037037037035,24.0,23.55,34,3010,0.011295681063122924
onlineshoppers,SpecialDay,262,27,309,3,1,2,-1,0.037037037037037035,0.037037037037037035,14.0,20.526315789473685,37,3072,0.012044270833333334
onlineshoppers,SpecialDay,263,28,342,3,1,1,-1,0.03571428571428571,0.03571428571428573,27.0,24.27777777777778,40,3100,0.012903225806451613
onlineshoppers,SpecialDay,264,27,368,3,1,2,-1,0.037037037037037035,0.03703703703703704,30.0,27.181818181818183,33,2880,0.011458333333333333
onlineshoppers,SpecialDay,265,28,369,3,1,2,-1,0.03571428571428571,0.03571428571428571,26.5,24.555555555555557,32,3026,0.010575016523463317
onlineshoppers,SpecialDay,266,28,368,3,1,1,-1,0.03571428571428571,0.03571428571428571,26.5,25.55,33,3002,0.010992671552298468
onlineshoppers,SpecialDay,267,27,381,2,1,2,-1,0.037037037037037035,0.037037037037037035,29.0,26.833333333333332,36,2976,0.012096774193548387
onlineshoppers,SpecialDay,268,28,321,3,1,3,-1,0.035714285714285705,0.03571428571428571,28.0,24.05263157894737,30,2894,0.010366275051831375
onlineshoppers,SpecialDay,269,27,378,3,1,1,-1,0.037037037037037035,0.03703703703703704,31.5,28.75,33,2930,0.011262798634812287
onlineshoppers,SpecialDay,270,28,337,3,1,2,-1,0.035714285714285705,0.03571428571428571,28.5,24.727272727272727,30,3010,0.009966777408637873
onlineshoppers,SpecialDay,271,27,356,3,1,3,-1,0.03703703703703704,0.03703703703703703,23.5,24.27777777777778,28,2948,0.009497964721845319
onlineshoppers,SpecialDay,272,27,373,3,1,2,-1,0.037037037037037035,0.03703703703703704,22.5,24.27777777777778,36,2958,0.012170385395537525
onlineshoppers,SpecialDay,273,28,351,3,1,3,-1,0.035714285714285705,0.035714285714285705,25.0,23.818181818181817,33,3098,0.01065203357004519
onlineshoppers,SpecialDay,274,27,304,3,1,3,-1,0.037037037037037035,0.03703703703703704,29.5,24.35,36,3082,0.011680726800778715
onlineshoppers,SpecialDay,275,28,334,3,1,2,-1,0.035714285714285705,0.03571428571428571,22.0,23.333333333333332,36,2876,0.012517385257301807
onlineshoppers,SpecialDay,276,28,365,3,1,1,-1,0.035714285714285705,0.03571428571428571,24.0,22.40909090909091,34,3008,0.011303191489361703
onlineshoppers,SpecialDay,277,27,340,3,1,3,-1,0.037037037037037035,0.037037037037037035,21.0,23.181818181818183,31,3092,0.010025873221216041
onlineshoppers,SpecialDay,278,26,337,3,1,3,-1,0.03846153846153846,0.038461538461538464,26.5,24.791666666666668,34,2866,0.011863224005582694
onlineshoppers,SpecialDay,279,28,373,3,1,3,-1,0.03571428571428571,0.03571428571428572,22.5,23.61111111111111,29,2956,0.009810554803788904
onlineshoppers,SpecialDay,280,28,349,3,1,2,-1,0.03571428571428571,0.03571428571428572,21.0,23.0,39,2876,0.013560500695410291
onlineshoppers,SpecialDay,281,26,369,3,1,2,-1,0.038461538461538464,0.03846153846153846,33.5,27.85,30,3052,0.009829619921363041
onlineshoppers,SpecialDay,282,27,327,3,1,3,-1,0.037037037037037035,0.037037037037037035,23.0,22.27777777777778,36,2984,0.012064343163538873
onlineshoppers,SpecialDay,283,27,347,3,1,1,-1,0.037037037037037035,0.037037037037037035,27.0,25.45,29,2948,0.00983717774762551
onlineshoppers,SpecialDay,284,28,405,3,1,1,-1,0.035714285714285705,0.03571428571428571,28.0,27.714285714285715,29,3130,0.00926517571884984
onlineshoppers,SpecialDay,285,28,348,4,1,5,-1,0.03571428571428571,0.03571428571428572,24.0,23.8,33,2856,0.011554621848739496
onlineshoppers,SpecialDay,286,27,344,3,1,2,-1,0.037037037037037035,0.037037037037037035,26.0,25.11111111111111,36,3030,0.011881188118811881
onlineshoppers,SpecialDay,287,27,372,2,1,2,-1,0.03703703703703703,0.037037037037037035,24.0,26.304347826086957,34,2942,0.011556764106050306
onlineshoppers,SpecialDay,288,27,373,3,1,2,-1,0.037037037037037035,0.037037037037037035,30.5,26.7,34,2970,0.011447811447811448
onlineshoppers,SpecialDay,289,28,335,3,1,3,-1,0.03571428571428572,0.03571428571428571,20.0,22.285714285714285,34,3034,0.01120632827949901
onlineshoppers,SpecialDay,290,27,373,3,1,3,-1,0.037037037037037035,0.03703703703703704,33.0,26.95,31,2898,0.01069703243616287
onlineshoppers,SpecialDay,291,28,340,3,1,3,-1,0.03571428571428571,0.03571428571428571,28.0,24.7,35,2958,0.011832319134550372
onlineshoppers,SpecialDay,292,28,377,3,1,1,-1,0.03571428571428572,0.035714285714285705,29.5,26.9,36,2956,0.012178619756427604
onlineshoppers,SpecialDay,293,28,351,3,1,3,-1,0.035714285714285705,0.03571428571428571,31.0,25.842105263157894,36,2936,0.01226158038147139
onlineshoppers,SpecialDay,294,28,362,3,1,5,-1,0.03571428571428571,0.03571428571428571,27.0,26.045454545454547,40,3092,0.0129366106080207
onlineshoppers,SpecialDay,295,27,369,3,1,1,-1,0.037037037037037035,0.03703703703703703,21.0,23.42105263157895,37,3046,0.012147078135259356
onlineshoppers,SpecialDay,296,27,304,3,1,2,-1,0.037037037037037035,0.037037037037037035,29.0,22.11764705882353,33,3058,0.01079136690647482
onlineshoppers,SpecialDay,297,28,370,2,1,1,-1,0.03571428571428571,0.035714285714285705,26.0,27.285714285714285,31,3010,0.010299003322259137
onlineshoppers,SpecialDay,298,28,409,3,1,2,-1,0.03571428571428571,0.03571428571428571,32.0,29.434782608695652,35,2896,0.012085635359116022
onlineshoppers,SpecialDay,299,28,346,3,1,1,-1,0.03571428571428571,0.03571428571428571,31.0,24.26086956521739,33,2928,0.011270491803278689
onlineshoppers,Month,0,27,392,3,1,1,-1,0.037037037037037035,0.037037037037037035,27.0,25.952380952380953,34,3148,0.010800508259212199
onlineshoppers,Month,1,27,402,3,1,1,-1,0.037037037037037035,0.037037037037037035,30.5,28.0,42,3010,0.013953488372093023
onlineshoppers,Month,2,27,409,3,1,1,-1,0.037037037037037035,0.03703703703703704,30.5,28.55,40,3072,0.013020833333333334
onlineshoppers,Month,3,28,381,3,1,3,-1,0.03571428571428572,0.03571428571428572,31.0,27.695652173913043,31,2980,0.01040268456375839
onlineshoppers,Month,4,28,400,3,1,2,-1,0.03571428571428571,0.035714285714285705,27.0,26.318181818181817,31,3044,0.010183968462549276
onlineshoppers,Month,5,27,388,3,1,1,-1,0.037037037037037035,0.037037037037037035,29.0,27.952380952380953,34,3034,0.01120632827949901
onlineshoppers,Month,6,28,424,3,1,2,-1,0.03571428571428571,0.035714285714285705,32.0,29.42105263157895,32,3088,0.010362694300518135
onlineshoppers,Month,7,27,411,2,1,1,-1,0.03703703703703703,0.037037037037037035,30.0,28.761904761904763,32,2986,0.010716677829872739
onlineshoppers,Month,8,27,410,3,1,1,-1,0.037037037037037035,0.03703703703703702,29.0,28.1,37,2984,0.012399463806970509
onlineshoppers,Month,9,27,413,3,1,3,-1,0.037037037037037035,0.03703703703703704,36.0,29.157894736842106,36,3056,0.011780104712041885
onlineshoppers,Month,10,28,370,3,1,2,-1,0.03571428571428571,0.03571428571428571,28.0,25.3,41,3070,0.013355048859934854
onlineshoppers,Month,11,28,423,2,1,1,-1,0.03571428571428571,0.035714285714285705,33.5,29.09090909090909,39,3112,0.012532133676092546
onlineshoppers,Month,12,28,438,3,1,2,-1,0.03571428571428571,0.03571428571428571,30.5,29.7,34,3062,0.011103853690398433
onlineshoppers,Month,13,28,424,2,1,1,-1,0.03571428571428571,0.03571428571428572,28.0,27.73913043478261,36,3038,0.01184990125082291
onlineshoppers,Month,14,27,390,3,1,3,-1,0.037037037037037035,0.037037037037037035,30.0,28.571428571428573,31,3038,0.01020408163265306
onlineshoppers,Month,15,28,413,3,1,1,-1,0.03571428571428571,0.03571428571428572,29.0,27.64,33,3100,0.01064516129032258
onlineshoppers,Month,16,27,397,3,1,2,-1,0.037037037037037035,0.037037037037037035,32.5,29.35,31,3022,0.010258107213765718
onlineshoppers,Month,17,28,425,3,1,2,-1,0.03571428571428572,0.03571428571428571,32.0,29.38095238095238,34,3060,0.011111111111111112
onlineshoppers,Month,18,27,436,2,1,1,-1,0.03703703703703704,0.037037037037037035,36.0,32.857142857142854,32,3128,0.010230179028132993
onlineshoppers,Month,19,27,414,3,1,2,-1,0.03703703703703704,0.037037037037037035,33.5,29.181818181818183,32,3114,0.010276172125883108
onlineshoppers,Month,20,27,402,3,1,2,-1,0.037037037037037035,0.03703703703703703,27.5,27.5,36,2992,0.012032085561497326
onlineshoppers,Month,21,27,436,2,1,1,-1,0.037037037037037035,0.03703703703703703,31.5,32.45,36,3024,0.011904761904761904
onlineshoppers,Month,22,28,421,2,1,1,-1,0.03571428571428571,0.03571428571428571,33.0,29.565217391304348,31,2996,0.01034712950600801
onlineshoppers,Month,23,27,398,2,1,2,-1,0.03703703703703703,0.03703703703703703,28.0,26.666666666666668,36,3058,0.011772400261608895
onlineshoppers,Month,24,27,405,3,1,1,-1,0.037037037037037035,0.037037037037037035,32.0,28.94736842105263,36,3232,0.011138613861386138
onlineshoppers,Month,25,28,417,3,1,2,-1,0.03571428571428571,0.03571428571428571,31.0,30.217391304347824,33,3124,0.01056338028169014
onlineshoppers,Month,26,26,386,2,1,2,-1,0.038461538461538464,0.03846153846153846,31.0,28.952380952380953,37,2966,0.012474713418745786
onlineshoppers,Month,27,27,413,3,1,2,-1,0.03703703703703703,0.037037037037037035,35.0,31.263157894736842,30,3156,0.009505703422053232
onlineshoppers,Month,28,28,401,3,1,2,-1,0.03571428571428571,0.03571428571428571,31.0,29.0,36,3066,0.011741682974559686
onlineshoppers,Month,29,28,410,2,1,1,-1,0.03571428571428571,0.03571428571428571,32.0,28.571428571428573,32,3020,0.010596026490066225
onlineshoppers,Month,30,28,419,3,1,2,-1,0.03571428571428571,0.03571428571428572,27.5,25.772727272727273,41,3168,0.012941919191919192
onlineshoppers,Month,31,27,396,3,1,2,-1,0.037037037037037035,0.03703703703703704,30.5,27.65,32,2974,0.010759919300605245
onlineshoppers,Month,32,27,424,3,1,2,-1,0.037037037037037035,0.03703703703703704,32.5,29.27777777777778,36,3038,0.01184990125082291
onlineshoppers,Month,33,28,396,3,1,1,-1,0.03571428571428571,0.03571428571428571,29.5,27.136363636363637,32,3024,0.010582010582010581
onlineshoppers,Month,34,28,403,3,1,3,-1,0.03571428571428571,0.03571428571428571,31.0,27.2,40,3022,0.013236267372600927
onlineshoppers,Month,35,27,436,2,1,1,-1,0.037037037037037035,0.037037037037037035,31.0,30.764705882352942,34,3010,0.011295681063122924
onlineshoppers,Month,36,26,403,3,1,2,-1,0.038461538461538464,0.038461538461538464,32.0,29.65,31,2938,0.01055139550714772
onlineshoppers,Month,37,28,426,3,1,1,-1,0.03571428571428572,0.035714285714285705,30.5,28.954545454545453,31,2966,0.010451786918408631
onlineshoppers,Month,38,26,386,3,1,2,-1,0.038461538461538464,0.038461538461538464,29.0,26.63157894736842,33,3060,0.010784313725490196
onlineshoppers,Month,39,27,445,2,1,1,-1,0.03703703703703703,0.037037037037037035,31.0,30.63157894736842,32,3090,0.010355987055016181
onlineshoppers,Month,40,27,417,3,1,1,-1,0.037037037037037035,0.037037037037037035,31.5,30.454545454545453,34,3050,0.011147540983606558
onlineshoppers,Month,41,27,399,3,1,2,-1,0.037037037037037035,0.037037037037037035,29.0,28.80952380952381,35,3028,0.011558784676354029
onlineshoppers,Month,42,27,439,2,1,1,-1,0.037037037037037035,0.03703703703703704,32.0,32.21739130434783,34,3020,0.011258278145695364
onlineshoppers,Month,43,28,442,3,1,2,-1,0.0357142857142857,0.03571428571428571,33.0,32.59090909090909,38,3020,0.012582781456953643
onlineshoppers,Month,44,28,418,3,1,2,-1,0.03571428571428572,0.03571428571428571,30.0,27.130434782608695,36,3030,0.011881188118811881
onlineshoppers,Month,45,28,421,3,1,2,-1,0.03571428571428571,0.03571428571428571,32.0,29.238095238095237,32,3138,0.010197578075207138
onlineshoppers,Month,46,28,403,3,1,2,-1,0.035714285714285705,0.03571428571428571,29.0,27.956521739130434,32,3264,0.00980392156862745
onlineshoppers,Month,47,28,404,3,1,1,-1,0.035714285714285705,0.035714285714285705,32.0,28.227272727272727,34,3114,0.010918432883750802
onlineshoppers,Month,48,28,378,3,1,2,-1,0.03571428571428571,0.03571428571428571,25.0,27.476190476190474,40,3080,0.012987012987012988
onlineshoppers,Month,49,28,390,3,1,1,-1,0.03571428571428571,0.035714285714285705,29.0,27.571428571428573,31,3052,0.010157273918741808
onlineshoppers,Month,50,28,416,3,1,1,-1,0.03571428571428571,0.03571428571428571,32.5,29.625,35,3016,0.011604774535809019
onlineshoppers,Month,51,27,412,3,1,1,-1,0.03703703703703704,0.03703703703703704,32.5,29.90909090909091,39,3080,0.012662337662337663
onlineshoppers,Month,52,27,424,3,1,2,-1,0.03703703703703703,0.037037037037037035,31.0,30.38095238095238,35,3092,0.011319534282018111
onlineshoppers,Month,53,27,401,2,1,2,-1,0.03703703703703704,0.03703703703703704,32.0,28.166666666666668,31,3144,0.009860050890585241
onlineshoppers,Month,54,26,401,3,1,2,-1,0.03846153846153848,0.03846153846153847,30.0,28.94736842105263,32,3060,0.01045751633986928
onlineshoppers,Month,55,28,422,3,1,2,-1,0.03571428571428571,0.03571428571428571,31.0,28.904761904761905,35,3016,0.011604774535809019
onlineshoppers,Month,56,27,418,3,1,2,-1,0.03703703703703704,0.037037037037037035,31.0,31.047619047619047,36,2992,0.012032085561497326
onlineshoppers,Month,57,27,436,2,1,1,-1,0.03703703703703704,0.037037037037037035,34.0,31.8,33,3140,0.010509554140127388
onlineshoppers,Month,58,27,420,3,1,1,-1,0.037037037037037035,0.037037037037037035,31.5,28.9,35,3112,0.011246786632390746
onlineshoppers,Month,59,27,379,3,1,3,-1,0.03703703703703703,0.037037037037037035,31.0,28.523809523809526,32,3056,0.010471204188481676
onlineshoppers,Month,60,27,413,3,1,2,-1,0.037037037037037035,0.037037037037037035,29.0,30.095238095238095,38,3018,0.012591119946984758
onlineshoppers,Month,61,28,428,3,1,1,-1,0.03571428571428572,0.03571428571428572,33.0,30.272727272727273,32,3086,0.010369410239792612
onlineshoppers,Month,62,28,404,3,1,1,-1,0.03571428571428571,0.03571428571428573,27.5,26.75,42,2984,0.014075067024128687
onlineshoppers,Month,63,28,413,2,1,1,-1,0.03571428571428572,0.03571428571428571,30.5,27.8,33,2894,0.011402902557014512
onlineshoppers,Month,64,27,430,2,1,1,-1,0.037037037037037035,0.037037037037037035,30.5,29.95,36,3090,0.011650485436893204
onlineshoppers,Month,65,28,416,3,1,1,-1,0.03571428571428572,0.03571428571428572,30.0,27.695652173913043,32,3026,0.010575016523463317
onlineshoppers,Month,66,28,427,3,1,2,-1,0.03571428571428571,0.03571428571428572,34.0,28.681818181818183,36,3064,0.01174934725848564
onlineshoppers,Month,67,27,399,3,1,2,-1,0.03703703703703704,0.037037037037037035,30.0,27.333333333333332,37,3140,0.01178343949044586
onlineshoppers,Month,68,28,429,2,1,1,-1,0.03571428571428571,0.035714285714285705,32.0,30.227272727272727,34,3098,0.010974822466107165
onlineshoppers,Month,69,28,411,3,1,2,-1,0.03571428571428572,0.03571428571428571,32.5,28.681818181818183,39,3106,0.012556342562781713
onlineshoppers,Month,70,28,394,3,1,2,-1,0.035714285714285705,0.03571428571428571,31.0,26.952380952380953,36,3060,0.011764705882352941
onlineshoppers,Month,71,28,409,3,1,1,-1,0.03571428571428571,0.035714285714285705,28.0,29.095238095238095,35,3146,0.01112523839796567
onlineshoppers,Month,72,28,424,3,1,2,-1,0.035714285714285705,0.035714285714285705,32.0,30.16,35,3060,0.011437908496732025
onlineshoppers,Month,73,27,396,3,1,1,-1,0.037037037037037035,0.037037037037037035,27.0,26.523809523809526,37,3032,0.012203166226912929
onlineshoppers,Month,74,28,395,3,1,2,-1,0.03571428571428571,0.03571428571428571,30.0,28.38095238095238,35,3074,0.011385816525699415
onlineshoppers,Month,75,27,415,3,1,1,-1,0.037037037037037035,0.037037037037037035,30.5,28.272727272727273,41,3022,0.013567174056915949
onlineshoppers,Month,76,28,401,3,1,1,-1,0.03571428571428571,0.03571428571428571,30.0,28.304347826086957,38,2924,0.012995896032831737
onlineshoppers,Month,77,27,411,3,1,2,-1,0.037037037037037035,0.037037037037037035,31.0,27.055555555555557,35,3114,0.01123956326268465
onlineshoppers,Month,78,28,409,3,1,1,-1,0.03571428571428571,0.03571428571428571,30.5,28.25,40,3114,0.012845215157353885
onlineshoppers,Month,79,28,407,3,1,1,-1,0.03571428571428571,0.03571428571428571,29.0,29.043478260869566,33,3046,0.010833880499015102
onlineshoppers,Month,80,27,422,2,1,1,-1,0.037037037037037035,0.037037037037037035,32.0,30.0,34,3126,0.010876519513755598
onlineshoppers,Month,81,28,394,3,1,1,-1,0.03571428571428571,0.03571428571428573,29.0,28.56,35,3122,0.011210762331838564
onlineshoppers,Month,82,27,411,2,1,1,-1,0.03703703703703702,0.03703703703703704,30.0,28.4,32,3052,0.010484927916120577
onlineshoppers,Month,83,28,417,3,1,2,-1,0.03571428571428571,0.03571428571428572,32.5,28.40909090909091,42,3094,0.013574660633484163
onlineshoppers,Month,84,27,392,3,1,1,-1,0.03703703703703703,0.037037037037037035,29.5,28.136363636363637,36,3004,0.011984021304926764
onlineshoppers,Month,85,28,405,3,1,2,-1,0.03571428571428571,0.03571428571428571,31.0,29.782608695652176,41,3116,0.013157894736842105
onlineshoppers,Month,86,27,411,3,1,1,-1,0.037037037037037035,0.037037037037037035,32.0,29.045454545454547,34,3114,0.010918432883750802
onlineshoppers,Month,87,26,402,2,1,2,-1,0.038461538461538464,0.03846153846153846,32.0,29.571428571428573,38,3110,0.012218649517684888
onlineshoppers,Month,88,28,417,3,1,1,-1,0.03571428571428571,0.03571428571428571,30.0,28.956521739130434,40,3132,0.01277139208173691
onlineshoppers,Month,89,27,412,3,1,1,-1,0.03703703703703704,0.03703703703703704,31.0,29.428571428571427,33,3006,0.010978043912175649
onlineshoppers,Month,90,27,428,3,1,2,-1,0.037037037037037035,0.037037037037037035,28.0,29.31578947368421,43,3162,0.01359898798228969
onlineshoppers,Month,91,27,421,2,1,1,-1,0.037037037037037035,0.03703703703703704,31.0,29.952380952380953,38,3014,0.012607830126078301
onlineshoppers,Month,92,28,400,2,1,1,-1,0.03571428571428571,0.03571428571428571,30.5,29.416666666666668,40,3066,0.01304631441617743
onlineshoppers,Month,93,28,385,3,1,2,-1,0.03571428571428571,0.03571428571428571,27.0,25.61904761904762,34,3012,0.011288180610889775
onlineshoppers,Month,94,28,428,2,1,1,-1,0.03571428571428572,0.03571428571428572,32.0,30.904761904761905,33,3092,0.010672703751617076
onlineshoppers,Month,95,28,377,3,1,3,-1,0.03571428571428571,0.03571428571428571,25.0,24.652173913043477,34,2966,0.011463250168577209
onlineshoppers,Month,96,27,387,3,1,2,-1,0.03703703703703703,0.037037037037037035,29.0,27.36842105263158,29,3048,0.009514435695538058
onlineshoppers,Month,97,27,381,3,1,1,-1,0.037037037037037035,0.037037037037037035,30.0,27.0,38,3016,0.012599469496021221
onlineshoppers,Month,98,28,400,3,1,2,-1,0.03571428571428571,0.03571428571428571,27.5,27.727272727272727,34,2980,0.011409395973154362
onlineshoppers,Month,99,27,392,3,1,1,-1,0.037037037037037035,0.037037037037037035,29.5,26.666666666666668,34,2954,0.011509817197020988
onlineshoppers,Month,100,27,422,2,1,1,-1,0.037037037037037035,0.03703703703703704,34.0,32.526315789473685,33,2982,0.011066398390342052
onlineshoppers,Month,101,27,412,2,1,1,-1,0.037037037037037035,0.03703703703703704,36.0,31.0,32,3062,0.010450685826257348
onlineshoppers,Month,102,27,413,3,1,2,-1,0.03703703703703704,0.037037037037037035,33.5,30.45,33,3060,0.010784313725490196
onlineshoppers,Month,103,27,404,3,1,2,-1,0.037037037037037035,0.037037037037037035,31.5,29.5,33,2970,0.011111111111111112
onlineshoppers,Month,104,28,388,3,1,2,-1,0.03571428571428571,0.03571428571428571,27.5,26.227272727272727,38,2984,0.012734584450402145
onlineshoppers,Month,105,27,389,3,1,3,-1,0.037037037037037035,0.037037037037037035,29.5,26.5,36,3048,0.011811023622047244
onlineshoppers,Month,106,26,409,2,1,2,-1,0.038461538461538464,0.038461538461538464,30.0,29.31578947368421,32,3048,0.010498687664041995
onlineshoppers,Month,107,28,403,3,1,1,-1,0.03571428571428571,0.03571428571428571,28.0,27.40909090909091,32,3004,0.010652463382157125
onlineshoppers,Month,108,28,415,2,1,2,-1,0.03571428571428572,0.03571428571428571,31.0,27.75,37,3134,0.011805998723675814
onlineshoppers,Month,109,27,410,3,1,1,-1,0.03703703703703704,0.037037037037037035,29.0,27.125,39,3006,0.012974051896207584
onlineshoppers,Month,110,28,415,2,1,1,-1,0.03571428571428571,0.03571428571428571,32.0,28.625,31,2998,0.010340226817878585
onlineshoppers,Month,111,28,402,3,1,2,-1,0.03571428571428572,0.03571428571428571,30.5,29.95,37,3112,0.011889460154241645
onlineshoppers,Month,112,27,402,3,1,1,-1,0.037037037037037035,0.03703703703703704,28.0,26.75,37,3132,0.01181353767560664
onlineshoppers,Month,113,28,412,3,1,2,-1,0.03571428571428572,0.03571428571428572,30.0,27.666666666666668,30,3042,0.009861932938856016
onlineshoppers,Month,114,28,392,3,1,2,-1,0.03571428571428572,0.03571428571428573,29.0,27.666666666666668,38,2948,0.012890094979647219
onlineshoppers,Month,115,28,414,3,1,1,-1,0.03571428571428572,0.03571428571428571,30.0,28.61904761904762,31,3072,0.010091145833333334
onlineshoppers,Month,116,27,394,3,1,3,-1,0.037037037037037035,0.037037037037037035,26.0,26.63157894736842,33,3010,0.010963455149501661
onlineshoppers,Month,117,27,414,2,1,1,-1,0.037037037037037035,0.03703703703703704,32.0,29.857142857142858,42,3036,0.01383399209486166
onlineshoppers,Month,118,27,422,3,1,1,-1,0.03703703703703703,0.03703703703703704,30.0,28.333333333333332,42,2968,0.014150943396226415
onlineshoppers,Month,119,27,394,2,1,2,-1,0.03703703703703704,0.037037037037037035,29.0,27.26086956521739,37,3060,0.012091503267973857
onlineshoppers,Month,120,27,410,2,1,1,-1,0.037037037037037035,0.03703703703703704,28.5,26.61111111111111,33,2984,0.011058981233243968
onlineshoppers,Month,121,28,418,3,1,1,-1,0.03571428571428572,0.03571428571428571,29.5,26.954545454545453,31,3060,0.010130718954248366
onlineshoppers,Month,122,28,424,2,1,1,-1,0.03571428571428571,0.03571428571428572,32.5,30.90909090909091,40,3008,0.013297872340425532
onlineshoppers,Month,123,28,408,3,1,3,-1,0.03571428571428572,0.03571428571428572,30.0,28.869565217391305,31,3062,0.010124101894186806
onlineshoppers,Month,124,28,391,3,1,2,-1,0.03571428571428571,0.03571428571428572,30.0,28.31578947368421,30,3010,0.009966777408637873
onlineshoppers,Month,125,28,431,3,1,2,-1,0.03571428571428572,0.03571428571428571,34.0,29.458333333333332,41,3040,0.013486842105263158
onlineshoppers,Month,126,28,410,3,1,2,-1,0.03571428571428571,0.03571428571428571,32.0,26.904761904761905,31,2984,0.010388739946380697
onlineshoppers,Month,127,28,396,3,1,2,-1,0.03571428571428571,0.03571428571428571,30.0,27.40909090909091,29,3124,0.009282970550576185
onlineshoppers,Month,128,28,417,3,1,2,-1,0.03571428571428572,0.035714285714285705,32.0,29.52173913043478,31,3088,0.010038860103626942
onlineshoppers,Month,129,27,445,2,1,1,-1,0.03703703703703703,0.037037037037037035,34.0,30.235294117647058,33,3152,0.010469543147208122
onlineshoppers,Month,130,27,408,3,1,2,-1,0.03703703703703704,0.037037037037037035,30.0,26.736842105263158,37,3088,0.011981865284974092
onlineshoppers,Month,131,27,396,2,1,1,-1,0.037037037037037035,0.037037037037037035,30.5,29.944444444444443,37,3010,0.01229235880398671
onlineshoppers,Month,132,27,400,3,1,3,-1,0.037037037037037035,0.037037037037037035,29.5,28.45,32,2958,0.010818120351588911
onlineshoppers,Month,133,28,406,3,1,2,-1,0.03571428571428571,0.03571428571428571,26.0,26.285714285714285,36,3072,0.01171875
onlineshoppers,Month,134,27,413,2,1,1,-1,0.037037037037037035,0.037037037037037035,32.0,30.38095238095238,36,3060,0.011764705882352941
onlineshoppers,Month,135,27,402,2,1,2,-1,0.037037037037037035,0.037037037037037035,33.0,29.181818181818183,34,3158,0.010766307789740342
onlineshoppers,Month,136,26,414,2,1,2,-1,0.038461538461538464,0.038461538461538464,33.0,30.7,36,2982,0.012072434607645875
onlineshoppers,Month,137,28,416,2,1,1,-1,0.03571428571428571,0.03571428571428571,27.0,28.333333333333332,34,3008,0.011303191489361703
onlineshoppers,Month,138,28,403,3,1,2,-1,0.03571428571428572,0.03571428571428572,26.0,26.38095238095238,42,3060,0.013725490196078431
onlineshoppers,Month,139,27,395,3,1,2,-1,0.037037037037037035,0.037037037037037035,31.0,29.565217391304348,29,3014,0.009621765096217651
onlineshoppers,Month,140,28,449,3,1,1,-1,0.03571428571428571,0.035714285714285705,35.0,30.9375,36,3056,0.011780104712041885
onlineshoppers,Month,141,27,427,2,1,1,-1,0.037037037037037035,0.03703703703703703,32.0,31.45,31,2934,0.010565780504430812
onlineshoppers,Month,142,27,434,2,1,1,-1,0.03703703703703704,0.03703703703703703,35.5,31.916666666666668,32,2898,0.011042097998619738
onlineshoppers,Month,143,27,429,2,1,1,-1,0.03703703703703703,0.037037037037037035,31.0,30.82608695652174,36,3092,0.01164294954721863
onlineshoppers,Month,144,27,403,3,1,2,-1,0.037037037037037035,0.03703703703703704,28.5,27.1,34,3054,0.011132940406024885
onlineshoppers,Month,145,27,404,3,1,2,-1,0.03703703703703703,0.037037037037037035,32.0,29.181818181818183,35,2980,0.01174496644295302
onlineshoppers,Month,146,27,401,3,1,2,-1,0.037037037037037035,0.03703703703703704,31.0,29.65,36,3054,0.011787819253438114
onlineshoppers,Month,147,27,375,3,1,1,-1,0.03703703703703704,0.037037037037037035,29.0,25.666666666666668,36,3156,0.011406844106463879
onlineshoppers,Month,148,28,368,3,1,2,-1,0.03571428571428572,0.03571428571428573,25.5,25.863636363636363,31,3092,0.010025873221216041
onlineshoppers,Month,149,27,397,3,1,3,-1,0.03703703703703704,0.03703703703703703,33.0,29.952380952380953,32,3052,0.010484927916120577
onlineshoppers,Month,150,27,428,2,1,1,-1,0.037037037037037035,0.037037037037037035,28.0,28.555555555555557,37,3132,0.01181353767560664
onlineshoppers,Month,151,28,451,2,1,1,-1,0.03571428571428572,0.035714285714285705,34.0,30.666666666666668,38,3054,0.012442698100851343
onlineshoppers,Month,152,28,417,3,1,1,-1,0.03571428571428571,0.03571428571428572,35.0,31.333333333333332,36,3150,0.011428571428571429
onlineshoppers,Month,153,27,393,3,1,1,-1,0.03703703703703703,0.037037037037037035,31.5,30.2,39,3096,0.012596899224806201
onlineshoppers,Month,154,28,427,2,1,1,-1,0.03571428571428572,0.03571428571428572,30.0,30.82608695652174,29,3004,0.009653794940079893
onlineshoppers,Month,155,28,403,3,1,1,-1,0.035714285714285705,0.03571428571428571,28.0,27.09090909090909,30,2878,0.010423905489923557
onlineshoppers,Month,156,28,392,3,1,2,-1,0.03571428571428572,0.03571428571428572,26.0,27.043478260869566,39,3054,0.012770137524557957
onlineshoppers,Month,157,28,427,3,1,1,-1,0.03571428571428571,0.03571428571428571,32.0,30.043478260869566,35,3020,0.011589403973509934
onlineshoppers,Month,158,28,425,3,1,1,-1,0.03571428571428571,0.03571428571428571,31.0,29.57894736842105,36,3170,0.011356466876971609
onlineshoppers,Month,159,27,398,3,1,1,-1,0.037037037037037035,0.037037037037037035,26.0,26.35,34,3048,0.01115485564304462
onlineshoppers,Month,160,27,415,2,1,1,-1,0.037037037037037035,0.037037037037037035,30.0,29.31578947368421,46,3072,0.014973958333333334
onlineshoppers,Month,161,28,409,3,1,2,-1,0.035714285714285705,0.03571428571428571,33.5,30.375,37,2978,0.012424445936870383
onlineshoppers,Month,162,27,412,3,1,2,-1,0.037037037037037035,0.037037037037037035,30.0,29.09090909090909,32,3026,0.010575016523463317
onlineshoppers,Month,163,26,372,2,1,2,-1,0.03846153846153846,0.038461538461538464,30.0,27.523809523809526,37,3000,0.012333333333333333
onlineshoppers,Month,164,27,419,3,1,1,-1,0.03703703703703704,0.03703703703703704,31.5,30.40909090909091,32,3010,0.0106312292358804
onlineshoppers,Month,165,28,435,2,1,1,-1,0.03571428571428571,0.03571428571428571,31.0,30.857142857142858,36,3030,0.011881188118811881
onlineshoppers,Month,166,27,431,2,1,1,-1,0.03703703703703704,0.037037037037037035,33.5,31.708333333333332,35,3080,0.011363636363636364
onlineshoppers,Month,167,28,407,3,1,2,-1,0.03571428571428571,0.03571428571428571,24.5,26.1,37,3068,0.012059973924380704
onlineshoppers,Month,168,27,389,4,1,3,-1,0.03703703703703704,0.037037037037037035,30.0,25.842105263157894,34,3056,0.01112565445026178
onlineshoppers,Month,169,28,393,3,1,3,-1,0.03571428571428572,0.03571428571428571,29.5,27.636363636363637,29,3038,0.009545753785385122
onlineshoppers,Month,170,28,440,3,1,2,-1,0.03571428571428572,0.035714285714285705,33.0,32.19047619047619,29,3058,0.00948332243296272
onlineshoppers,Month,171,28,406,3,1,2,-1,0.03571428571428571,0.03571428571428571,30.0,26.956521739130434,30,2970,0.010101010101010102
onlineshoppers,Month,172,28,399,3,1,2,-1,0.03571428571428571,0.03571428571428572,28.0,27.375,39,3110,0.012540192926045015
onlineshoppers,Month,173,28,401,2,1,1,-1,0.03571428571428571,0.03571428571428572,28.0,29.565217391304348,44,3058,0.014388489208633094
onlineshoppers,Month,174,27,378,3,1,2,-1,0.037037037037037035,0.037037037037037035,29.0,26.666666666666668,38,3094,0.012281835811247576
onlineshoppers,Month,175,27,418,2,1,1,-1,0.037037037037037035,0.03703703703703704,30.5,29.8,35,3110,0.011254019292604502
onlineshoppers,Month,176,28,418,3,1,1,-1,0.03571428571428571,0.03571428571428572,30.0,27.761904761904763,35,2990,0.011705685618729096
onlineshoppers,Month,177,27,445,2,1,1,-1,0.037037037037037035,0.037037037037037035,31.0,31.789473684210527,34,3154,0.01077996195307546
onlineshoppers,Month,178,28,392,2,1,1,-1,0.0357142857142857,0.03571428571428572,27.5,27.7,41,3000,0.013666666666666667
onlineshoppers,Month,179,27,424,3,1,2,-1,0.037037037037037035,0.037037037037037035,30.5,29.0,33,3134,0.010529674537332482
onlineshoppers,Month,180,28,399,3,1,2,-1,0.03571428571428571,0.0357142857142857,29.0,27.523809523809526,35,3036,0.01152832674571805
onlineshoppers,Month,181,28,402,3,1,1,-1,0.03571428571428571,0.03571428571428571,32.0,28.26086956521739,33,2948,0.011194029850746268
onlineshoppers,Month,182,27,389,3,1,2,-1,0.037037037037037035,0.037037037037037035,28.0,26.47826086956522,38,3096,0.01227390180878553
onlineshoppers,Month,183,28,396,3,1,2,-1,0.03571428571428572,0.035714285714285705,27.0,26.714285714285715,35,3092,0.011319534282018111
onlineshoppers,Month,184,27,424,3,1,2,-1,0.037037037037037035,0.03703703703703704,31.0,30.047619047619047,30,3058,0.009810333551340745
onlineshoppers,Month,185,27,449,2,1,1,-1,0.037037037037037035,0.037037037037037035,36.5,33.0,33,2906,0.011355815554026153
onlineshoppers,Month,186,27,421,3,1,2,-1,0.037037037037037035,0.037037037037037035,31.5,29.3,33,3056,0.010798429319371727
onlineshoppers,Month,187,27,398,2,1,1,-1,0.037037037037037035,0.03703703703703704,29.0,28.904761904761905,37,3046,0.012147078135259356
onlineshoppers,Month,188,27,379,2,1,1,-1,0.037037037037037035,0.037037037037037035,29.5,28.555555555555557,43,3078,0.01397011046133853
onlineshoppers,Month,189,27,404,2,1,1,-1,0.03703703703703704,0.03703703703703704,33.0,30.136363636363637,41,3004,0.013648468708388815
onlineshoppers,Month,190,28,438,3,1,1,-1,0.03571428571428571,0.03571428571428571,33.0,30.26086956521739,31,2944,0.010529891304347826
onlineshoppers,Month,191,27,422,2,1,2,-1,0.037037037037037035,0.037037037037037035,35.0,29.65,36,3164,0.011378002528445006
onlineshoppers,Month,192,28,424,3,1,1,-1,0.03571428571428572,0.03571428571428571,30.0,28.333333333333332,34,3126,0.010876519513755598
onlineshoppers,Month,193,27,407,2,1,1,-1,0.037037037037037035,0.037037037037037035,30.5,27.7,41,3124,0.013124199743918053
onlineshoppers,Month,194,28,386,3,1,1,-1,0.035714285714285705,0.03571428571428572,30.0,25.42105263157895,37,3078,0.012020792722547108
onlineshoppers,Month,195,28,403,3,1,1,-1,0.03571428571428571,0.03571428571428571,29.0,27.047619047619047,35,2882,0.012144344205412909
onlineshoppers,Month,196,27,395,3,1,2,-1,0.037037037037037035,0.037037037037037035,32.5,28.59090909090909,36,3090,0.011650485436893204
onlineshoppers,Month,197,28,393,3,1,2,-1,0.03571428571428572,0.03571428571428572,27.5,26.5,33,3126,0.01055662188099808
onlineshoppers,Month,198,27,430,3,1,2,-1,0.03703703703703703,0.03703703703703703,31.0,28.714285714285715,34,3256,0.010442260442260442
onlineshoppers,Month,199,28,404,3,1,1,-1,0.03571428571428572,0.03571428571428572,28.5,28.136363636363637,30,3078,0.009746588693957114
onlineshoppers,Month,200,27,427,2,1,1,-1,0.037037037037037035,0.037037037037037035,30.0,29.80952380952381,32,3044,0.010512483574244415
onlineshoppers,Month,201,28,431,3,1,1,-1,0.03571428571428572,0.03571428571428571,30.0,28.75,30,2982,0.01006036217303823
onlineshoppers,Month,202,28,396,3,1,3,-1,0.03571428571428572,0.03571428571428571,28.0,26.82608695652174,35,3216,0.010883084577114429
onlineshoppers,Month,203,27,408,3,1,1,-1,0.037037037037037035,0.03703703703703703,30.0,29.571428571428573,34,3062,0.011103853690398433
onlineshoppers,Month,204,28,399,3,1,4,-1,0.03571428571428571,0.03571428571428571,30.5,26.45,42,3178,0.013215859030837005
onlineshoppers,Month,205,28,406,3,1,3,-1,0.03571428571428571,0.03571428571428571,29.0,27.333333333333332,29,3124,0.009282970550576185
onlineshoppers,Month,206,28,401,3,1,2,-1,0.03571428571428571,0.03571428571428571,31.0,29.142857142857142,40,3132,0.01277139208173691
onlineshoppers,Month,207,26,412,2,1,1,-1,0.038461538461538464,0.038461538461538464,33.0,29.833333333333332,39,3118,0.012508017960230917
onlineshoppers,Month,208,27,419,2,1,2,-1,0.037037037037037035,0.037037037037037035,32.0,30.130434782608695,35,3090,0.011326860841423949
onlineshoppers,Month,209,27,386,3,1,2,-1,0.037037037037037035,0.03703703703703704,30.0,27.857142857142858,38,2918,0.013022618231665525
onlineshoppers,Month,210,28,442,2,1,1,-1,0.03571428571428572,0.03571428571428571,35.0,30.61904761904762,32,3034,0.01054713249835201
onlineshoppers,Month,211,27,408,3,1,2,-1,0.037037037037037035,0.037037037037037035,30.0,28.05,35,3142,0.011139401654996817
onlineshoppers,Month,212,27,418,2,1,1,-1,0.037037037037037035,0.037037037037037035,30.5,29.708333333333332,40,3144,0.01272264631043257
onlineshoppers,Month,213,27,405,3,1,2,-1,0.037037037037037035,0.037037037037037035,30.0,29.142857142857142,33,3008,0.010970744680851064
onlineshoppers,Month,214,27,399,2,1,1,-1,0.03703703703703703,0.03703703703703703,30.0,28.045454545454547,34,3080,0.01103896103896104
onlineshoppers,Month,215,28,419,3,1,1,-1,0.0357142857142857,0.03571428571428571,28.0,28.043478260869566,33,3126,0.01055662188099808
onlineshoppers,Month,216,28,445,3,1,1,-1,0.03571428571428571,0.03571428571428571,32.0,30.28,36,3010,0.011960132890365448
onlineshoppers,Month,217,27,432,2,1,1,-1,0.037037037037037035,0.037037037037037035,34.0,31.5,32,2996,0.010680907877169559
onlineshoppers,Month,218,28,423,2,1,1,-1,0.03571428571428571,0.035714285714285705,33.0,30.652173913043477,34,2988,0.011378848728246318
onlineshoppers,Month,219,28,419,3,1,1,-1,0.03571428571428571,0.03571428571428571,28.5,27.85,34,3086,0.01101749837977965
onlineshoppers,Month,220,28,405,3,1,1,-1,0.03571428571428572,0.03571428571428571,26.0,26.285714285714285,29,2982,0.009725016767270288
onlineshoppers,Month,221,27,415,2,1,1,-1,0.037037037037037035,0.037037037037037035,31.5,30.045454545454547,33,3018,0.010934393638170975
onlineshoppers,Month,222,26,412,3,1,2,-1,0.038461538461538464,0.03846153846153845,32.5,30.22222222222222,39,3166,0.012318382817435249
onlineshoppers,Month,223,27,417,3,1,2,-1,0.03703703703703704,0.037037037037037035,34.0,30.0,38,3076,0.01235370611183355
onlineshoppers,Month,224,28,403,3,1,3,-1,0.03571428571428571,0.03571428571428571,27.0,25.59090909090909,31,2934,0.010565780504430812
onlineshoppers,Month,225,28,389,2,1,1,-1,0.03571428571428572,0.03571428571428572,25.5,25.85,36,3046,0.011818778726198293
onlineshoppers,Month,226,28,432,2,1,1,-1,0.03571428571428571,0.03571428571428571,30.0,29.043478260869566,39,3072,0.0126953125
onlineshoppers,Month,227,27,405,3,1,2,-1,0.037037037037037035,0.03703703703703704,32.0,31.047619047619047,38,3086,0.012313674659753726
onlineshoppers,Month,228,27,369,3,1,2,-1,0.037037037037037035,0.037037037037037035,26.0,24.526315789473685,41,2988,0.013721552878179385
onlineshoppers,Month,229,27,395,2,1,1,-1,0.03703703703703704,0.037037037037037035,30.0,28.571428571428573,34,2976,0.0114247311827957
onlineshoppers,Month,230,28,407,3,1,1,-1,0.03571428571428571,0.03571428571428571,27.0,26.608695652173914,36,3044,0.011826544021024968
onlineshoppers,Month,231,27,388,3,1,3,-1,0.03703703703703704,0.037037037037037035,35.0,28.0,34,3076,0.011053315994798439
onlineshoppers,Month,232,27,419,2,1,1,-1,0.037037037037037035,0.037037037037037035,30.0,30.142857142857142,37,3070,0.012052117263843648
onlineshoppers,Month,233,28,417,3,1,3,-1,0.03571428571428572,0.03571428571428571,28.0,25.22222222222222,39,3152,0.012373096446700508
onlineshoppers,Month,234,28,406,3,1,1,-1,0.03571428571428571,0.03571428571428572,27.0,26.714285714285715,32,3038,0.01053324555628703
onlineshoppers,Month,235,26,379,3,1,3,-1,0.038461538461538464,0.038461538461538464,25.0,25.529411764705884,35,3028,0.011558784676354029
onlineshoppers,Month,236,28,407,3,1,1,-1,0.03571428571428571,0.03571428571428571,29.0,27.571428571428573,30,3082,0.00973393900064893
onlineshoppers,Month,237,28,398,3,1,2,-1,0.03571428571428571,0.03571428571428571,29.0,27.105263157894736,36,3160,0.01139240506329114
onlineshoppers,Month,238,27,398,3,1,2,-1,0.03703703703703704,0.03703703703703703,35.0,30.952380952380953,39,3066,0.012720156555772993
onlineshoppers,Month,239,27,409,3,1,1,-1,0.03703703703703704,0.037037037037037035,32.0,29.904761904761905,33,3064,0.01077023498694517
onlineshoppers,Month,240,28,416,3,1,2,-1,0.035714285714285705,0.03571428571428572,33.5,32.0,37,3080,0.012012987012987014
onlineshoppers,Month,241,27,440,2,1,1,-1,0.03703703703703703,0.037037037037037035,33.0,31.217391304347824,31,2998,0.010340226817878585
onlineshoppers,Month,242,28,431,3,1,1,-1,0.035714285714285705,0.035714285714285705,34.0,30.08,35,3058,0.01144538914323087
onlineshoppers,Month,243,27,415,3,1,2,-1,0.03703703703703704,0.03703703703703703,31.0,29.333333333333332,43,3036,0.014163372859025032
onlineshoppers,Month,244,28,397,3,1,1,-1,0.03571428571428571,0.035714285714285705,28.5,28.05,35,2930,0.011945392491467578
onlineshoppers,Month,245,28,409,3,1,1,-1,0.035714285714285705,0.03571428571428571,32.0,29.2,36,3070,0.011726384364820847
onlineshoppers,Month,246,27,402,2,1,2,-1,0.037037037037037035,0.037037037037037035,30.5,26.65,38,3134,0.012125079770261647
onlineshoppers,Month,247,28,407,3,1,2,-1,0.03571428571428571,0.03571428571428571,29.5,27.666666666666668,33,3054,0.010805500982318271
onlineshoppers,Month,248,28,411,3,1,1,-1,0.03571428571428571,0.03571428571428571,28.0,28.136363636363637,35,3070,0.011400651465798045
onlineshoppers,Month,249,28,406,3,1,2,-1,0.03571428571428571,0.035714285714285705,29.5,28.318181818181817,37,2936,0.012602179836512262
onlineshoppers,Month,250,27,400,2,1,1,-1,0.037037037037037035,0.03703703703703704,29.5,28.416666666666668,39,3034,0.012854317732366513
onlineshoppers,Month,251,27,418,3,1,3,-1,0.037037037037037035,0.037037037037037035,31.0,29.782608695652176,36,3114,0.011560693641618497
onlineshoppers,Month,252,28,375,3,1,2,-1,0.03571428571428571,0.03571428571428572,27.0,25.238095238095237,34,3090,0.011003236245954692
onlineshoppers,Month,253,28,385,3,1,2,-1,0.03571428571428572,0.03571428571428571,30.0,28.8,32,3044,0.010512483574244415
onlineshoppers,Month,254,28,390,3,1,2,-1,0.03571428571428571,0.03571428571428572,27.0,25.63157894736842,39,3058,0.012753433616742969
onlineshoppers,Month,255,28,445,2,1,1,-1,0.03571428571428571,0.03571428571428571,31.5,31.15,38,3050,0.012459016393442624
onlineshoppers,Month,256,28,437,3,1,1,-1,0.03571428571428571,0.03571428571428571,34.5,28.85,36,3056,0.011780104712041885
onlineshoppers,Month,257,27,396,3,1,3,-1,0.03703703703703703,0.037037037037037035,30.0,28.523809523809526,33,2980,0.011073825503355705
onlineshoppers,Month,258,28,414,3,1,2,-1,0.03571428571428571,0.03571428571428571,30.0,28.714285714285715,34,3062,0.011103853690398433
onlineshoppers,Month,259,28,415,3,1,1,-1,0.03571428571428571,0.03571428571428571,29.5,28.35,29,3020,0.009602649006622516
onlineshoppers,Month,260,28,417,2,1,1,-1,0.03571428571428571,0.03571428571428571,30.0,26.80952380952381,37,3064,0.012075718015665796
onlineshoppers,Month,261,27,387,3,1,2,-1,0.037037037037037056,0.03703703703703704,31.5,29.1,35,3072,0.011393229166666666
onlineshoppers,Month,262,28,411,3,1,1,-1,0.03571428571428571,0.03571428571428571,32.0,29.238095238095237,32,3102,0.010315925209542231
onlineshoppers,Month,263,27,386,3,1,2,-1,0.037037037037037035,0.03703703703703704,30.0,28.65,36,2982,0.012072434607645875
onlineshoppers,Month,264,28,391,3,1,3,-1,0.035714285714285705,0.03571428571428571,26.0,25.727272727272727,37,2990,0.012374581939799331
onlineshoppers,Month,265,28,424,3,1,1,-1,0.035714285714285705,0.03571428571428572,33.0,29.130434782608695,41,3042,0.013477975016436555
onlineshoppers,Month,266,27,400,2,1,1,-1,0.037037037037037035,0.037037037037037035,29.5,29.5,34,3052,0.011140235910878113
onlineshoppers,Month,267,28,399,2,1,1,-1,0.03571428571428571,0.03571428571428572,28.0,26.666666666666668,33,2978,0.011081262592343854
onlineshoppers,Month,268,28,433,3,1,2,-1,0.035714285714285705,0.035714285714285705,31.0,29.91304347826087,33,3064,0.01077023498694517
onlineshoppers,Month,269,28,412,2,1,1,-1,0.03571428571428571,0.035714285714285705,32.0,28.0,33,3072,0.0107421875
onlineshoppers,Month,270,27,408,3,1,2,-1,0.037037037037037035,0.037037037037037056,32.0,29.428571428571427,40,3052,0.01310615989515072
onlineshoppers,Month,271,28,414,3,1,2,-1,0.03571428571428571,0.03571428571428571,29.5,28.2,32,3078,0.010396361273554255
onlineshoppers,Month,272,28,437,3,1,1,-1,0.03571428571428571,0.03571428571428572,33.0,31.285714285714285,34,3054,0.011132940406024885
onlineshoppers,Month,273,28,421,3,1,1,-1,0.03571428571428571,0.03571428571428571,28.0,28.65,32,2990,0.010702341137123745
onlineshoppers,Month,274,28,421,3,1,1,-1,0.03571428571428571,0.03571428571428571,25.5,27.363636363636363,34,3096,0.010981912144702842
onlineshoppers,Month,275,28,383,3,1,2,-1,0.03571428571428571,0.035714285714285705,28.0,26.454545454545453,33,3052,0.010812581913499346
onlineshoppers,Month,276,28,421,3,1,1,-1,0.03571428571428572,0.03571428571428571,32.5,29.083333333333332,31,3066,0.010110893672537508
onlineshoppers,Month,277,27,402,3,1,2,-1,0.037037037037037035,0.03703703703703704,30.5,27.944444444444443,31,3060,0.010130718954248366
onlineshoppers,Month,278,27,384,3,1,2,-1,0.037037037037037035,0.037037037037037035,29.0,27.105263157894736,41,3146,0.013032422123331213
onlineshoppers,Month,279,28,421,3,1,2,-1,0.03571428571428571,0.0357142857142857,29.0,27.5,33,3076,0.010728218465539662
onlineshoppers,Month,280,27,377,4,1,3,-1,0.03703703703703704,0.037037037037037035,25.5,25.25,37,2986,0.012391158740790355
onlineshoppers,Month,281,27,416,3,1,2,-1,0.037037037037037056,0.03703703703703704,32.0,29.473684210526315,35,3120,0.011217948717948718
onlineshoppers,Month,282,27,408,2,1,2,-1,0.03703703703703704,0.037037037037037035,28.0,29.47826086956522,36,2972,0.012113055181695828
onlineshoppers,Month,283,28,374,3,1,2,-1,0.03571428571428572,0.03571428571428571,26.0,25.714285714285715,38,3102,0.012250161186331399
onlineshoppers,Month,284,26,401,3,1,2,-1,0.03846153846153847,0.03846153846153846,31.5,29.6,35,3074,0.011385816525699415
onlineshoppers,Month,285,27,425,3,1,2,-1,0.03703703703703703,0.037037037037037035,34.0,31.333333333333332,41,3040,0.013486842105263158
onlineshoppers,Month,286,28,409,3,1,1,-1,0.03571428571428571,0.03571428571428572,31.0,29.571428571428573,36,3026,0.011896893588896233
onlineshoppers,Month,287,28,408,3,1,3,-1,0.03571428571428571,0.03571428571428571,31.0,26.94736842105263,38,3040,0.0125
onlineshoppers,Month,288,27,409,3,1,2,-1,0.037037037037037035,0.03703703703703703,31.0,28.31578947368421,34,3102,0.01096067053513862
onlineshoppers,Month,289,27,400,3,1,2,-1,0.037037037037037035,0.037037037037037035,27.0,27.57894736842105,34,3120,0.010897435897435897
onlineshoppers,Month,290,28,430,3,1,1,-1,0.035714285714285705,0.03571428571428571,34.0,29.285714285714285,30,3128,0.00959079283887468
onlineshoppers,Month,291,27,414,3,1,2,-1,0.037037037037037035,0.037037037037037035,31.0,28.31578947368421,30,3114,0.009633911368015413
onlineshoppers,Month,292,28,407,3,1,2,-1,0.03571428571428571,0.03571428571428572,29.0,28.0,35,3022,0.01158173395102581
onlineshoppers,Month,293,27,399,3,1,3,-1,0.037037037037037035,0.037037037037037035,31.5,29.05,33,3128,0.010549872122762148
onlineshoppers,Month,294,27,416,2,1,1,-1,0.03703703703703704,0.03703703703703703,32.0,30.772727272727273,31,3012,0.010292164674634794
onlineshoppers,Month,295,28,390,3,1,2,-1,0.03571428571428571,0.03571428571428571,25.0,25.863636363636363,35,3070,0.011400651465798045
onlineshoppers,Month,296,28,415,3,1,1,-1,0.03571428571428571,0.03571428571428571,29.5,28.416666666666668,32,3038,0.01053324555628703
onlineshoppers,Month,297,28,416,3,1,2,-1,0.03571428571428572,0.03571428571428571,34.0,31.42105263157895,37,3090,0.01197411003236246
onlineshoppers,Month,298,28,383,3,1,2,-1,0.03571428571428572,0.03571428571428571,31.0,27.391304347826086,37,2946,0.012559402579769178
onlineshoppers,Month,299,27,397,3,1,2,-1,0.03703703703703704,0.037037037037037035,30.0,28.5,36,3134,0.01148691767708998
onlineshoppers,OperatingSystems,0,28,419,3,1,2,-1,0.03571428571428571,0.035714285714285705,30.0,29.8,39,3082,0.012654120700843608
onlineshoppers,OperatingSystems,1,28,427,3,1,1,-1,0.035714285714285705,0.03571428571428571,30.5,28.863636363636363,36,3118,0.011545862732520847
onlineshoppers,OperatingSystems,2,28,407,3,1,2,-1,0.03571428571428573,0.03571428571428571,27.0,26.782608695652176,41,3046,0.013460275771503612
onlineshoppers,OperatingSystems,3,27,414,3,1,2,-1,0.037037037037037035,0.037037037037037035,34.0,31.266666666666666,36,2974,0.0121049092131809
onlineshoppers,OperatingSystems,4,28,410,3,1,2,-1,0.03571428571428571,0.03571428571428572,29.5,28.583333333333332,30,3096,0.009689922480620155
onlineshoppers,OperatingSystems,5,28,429,2,1,1,-1,0.035714285714285705,0.03571428571428571,31.5,30.333333333333332,40,3036,0.013175230566534914
onlineshoppers,OperatingSystems,6,28,387,3,1,1,-1,0.03571428571428571,0.03571428571428571,31.0,28.428571428571427,39,2980,0.013087248322147652
onlineshoppers,OperatingSystems,7,27,410,3,1,2,-1,0.037037037037037035,0.037037037037037035,28.0,27.0625,41,2996,0.013684913217623497
onlineshoppers,OperatingSystems,8,28,388,3,1,3,-1,0.03571428571428571,0.03571428571428571,25.0,24.72222222222222,31,3028,0.01023778071334214
onlineshoppers,OperatingSystems,9,28,434,2,1,1,-1,0.03571428571428571,0.03571428571428572,35.5,32.15,37,3098,0.011943189154293092
onlineshoppers,OperatingSystems,10,28,417,3,1,2,-1,0.03571428571428572,0.03571428571428571,32.0,29.666666666666668,38,2992,0.01270053475935829
onlineshoppers,OperatingSystems,11,28,384,3,1,3,-1,0.03571428571428571,0.03571428571428571,28.5,25.5,43,3016,0.014257294429708222
onlineshoppers,OperatingSystems,12,28,421,3,1,1,-1,0.035714285714285705,0.03571428571428571,28.5,27.59090909090909,31,3038,0.01020408163265306
onlineshoppers,OperatingSystems,13,28,412,3,1,2,-1,0.03571428571428571,0.03571428571428571,31.5,29.318181818181817,38,3108,0.012226512226512226
onlineshoppers,OperatingSystems,14,28,447,2,1,1,-1,0.03571428571428572,0.03571428571428571,33.0,31.8125,37,2932,0.0126193724420191
onlineshoppers,OperatingSystems,15,27,413,2,1,1,-1,0.037037037037037035,0.037037037037037035,28.0,29.19047619047619,31,3132,0.009897828863346106
onlineshoppers,OperatingSystems,16,28,451,2,1,1,-1,0.03571428571428572,0.03571428571428571,32.0,31.0,35,3116,0.011232349165596919
onlineshoppers,OperatingSystems,17,28,386,3,1,2,-1,0.03571428571428571,0.03571428571428572,29.5,26.708333333333332,34,3034,0.01120632827949901
onlineshoppers,OperatingSystems,18,28,435,2,1,1,-1,0.03571428571428571,0.03571428571428571,30.0,30.473684210526315,30,3096,0.009689922480620155
onlineshoppers,OperatingSystems,19,28,437,2,1,1,-1,0.03571428571428571,0.03571428571428572,34.0,30.894736842105264,30,2926,0.010252904989747095
onlineshoppers,OperatingSystems,20,28,407,3,1,2,-1,0.03571428571428571,0.03571428571428572,31.0,29.782608695652176,28,2966,0.009440323668240054
onlineshoppers,OperatingSystems,21,27,418,2,1,1,-1,0.03703703703703703,0.037037037037037035,32.0,30.166666666666668,35,3078,0.011371020142949967
onlineshoppers,OperatingSystems,22,28,434,2,1,1,-1,0.03571428571428571,0.03571428571428572,27.5,28.65,40,2976,0.013440860215053764
onlineshoppers,OperatingSystems,23,27,402,3,1,2,-1,0.037037037037037035,0.037037037037037035,28.5,28.454545454545453,34,2986,0.011386470194239785
onlineshoppers,OperatingSystems,24,28,430,2,1,2,-1,0.03571428571428572,0.03571428571428571,33.5,30.863636363636363,35,3060,0.011437908496732025
onlineshoppers,OperatingSystems,25,28,439,3,1,1,-1,0.03571428571428571,0.035714285714285705,31.0,30.391304347826086,35,3032,0.01154353562005277
onlineshoppers,OperatingSystems,26,28,401,3,1,2,-1,0.035714285714285705,0.03571428571428572,27.0,26.523809523809526,38,2962,0.012829169480081027
onlineshoppers,OperatingSystems,27,27,413,3,1,2,-1,0.037037037037037035,0.037037037037037035,36.0,31.42105263157895,45,3078,0.014619883040935672
onlineshoppers,OperatingSystems,28,28,438,2,1,1,-1,0.03571428571428571,0.03571428571428572,32.0,29.9,41,3018,0.013585155732273028
onlineshoppers,OperatingSystems,29,27,410,3,1,2,-1,0.03703703703703703,0.037037037037037035,29.0,30.285714285714285,31,3012,0.010292164674634794
onlineshoppers,OperatingSystems,30,28,389,4,1,3,-1,0.03571428571428571,0.03571428571428571,27.5,27.27777777777778,43,3062,0.014043109079033311
onlineshoppers,OperatingSystems,31,28,396,3,1,1,-1,0.03571428571428571,0.03571428571428571,30.0,28.61904761904762,35,3156,0.011089987325728771
onlineshoppers,OperatingSystems,32,28,412,3,1,2,-1,0.03571428571428572,0.035714285714285705,29.0,27.608695652173914,34,3034,0.01120632827949901
onlineshoppers,OperatingSystems,33,28,384,3,1,2,-1,0.03571428571428571,0.03571428571428571,30.5,27.272727272727273,35,3038,0.01152073732718894
onlineshoppers,OperatingSystems,34,28,409,2,1,1,-1,0.035714285714285705,0.03571428571428571,28.0,28.19047619047619,38,3034,0.012524719841793012
onlineshoppers,OperatingSystems,35,27,438,2,1,1,-1,0.037037037037037035,0.037037037037037035,31.0,32.476190476190474,34,3038,0.01119157340355497
onlineshoppers,OperatingSystems,36,28,383,3,1,2,-1,0.035714285714285705,0.03571428571428571,28.5,26.818181818181817,37,3222,0.011483550589695841
onlineshoppers,OperatingSystems,37,27,408,2,1,2,-1,0.037037037037037035,0.037037037037037035,28.5,27.75,37,3026,0.012227362855254461
onlineshoppers,OperatingSystems,38,27,369,3,1,2,-1,0.037037037037037035,0.03703703703703704,28.0,26.571428571428573,37,3090,0.01197411003236246
onlineshoppers,OperatingSystems,39,27,406,2,1,1,-1,0.03703703703703704,0.03703703703703704,31.0,28.0,39,3154,0.012365250475586557
onlineshoppers,OperatingSystems,40,28,395,3,1,1,-1,0.03571428571428572,0.03571428571428572,30.5,26.636363636363637,35,3078,0.011371020142949967
onlineshoppers,OperatingSystems,41,28,395,2,1,2,-1,0.03571428571428571,0.03571428571428571,30.5,28.772727272727273,36,3002,0.011992005329780146
onlineshoppers,OperatingSystems,42,27,420,3,1,2,-1,0.037037037037037035,0.03703703703703704,34.0,31.41176470588235,32,3128,0.010230179028132993
onlineshoppers,OperatingSystems,43,27,403,3,1,2,-1,0.037037037037037035,0.03703703703703703,33.0,30.857142857142858,38,3042,0.012491781722550954
onlineshoppers,OperatingSystems,44,28,399,3,1,1,-1,0.03571428571428572,0.03571428571428571,29.0,27.523809523809526,35,3032,0.01154353562005277
onlineshoppers,OperatingSystems,45,27,414,2,1,1,-1,0.037037037037037035,0.037037037037037035,30.0,30.571428571428573,35,3122,0.011210762331838564
onlineshoppers,OperatingSystems,46,27,403,3,1,1,-1,0.037037037037037035,0.037037037037037035,29.5,29.1,33,3048,0.010826771653543307
onlineshoppers,OperatingSystems,47,26,413,2,1,1,-1,0.03846153846153846,0.03846153846153845,34.0,30.57894736842105,42,2998,0.014009339559706471
onlineshoppers,OperatingSystems,48,28,419,2,1,1,-1,0.03571428571428571,0.03571428571428571,33.5,29.727272727272727,32,2942,0.010876954452753228
onlineshoppers,OperatingSystems,49,27,403,2,1,1,-1,0.037037037037037035,0.03703703703703703,30.0,29.285714285714285,40,3024,0.013227513227513227
onlineshoppers,OperatingSystems,50,27,405,3,1,1,-1,0.037037037037037035,0.03703703703703703,28.5,28.454545454545453,36,3090,0.011650485436893204
onlineshoppers,OperatingSystems,51,28,411,2,1,2,-1,0.03571428571428572,0.03571428571428571,27.5,27.318181818181817,35,3024,0.011574074074074073
onlineshoppers,OperatingSystems,52,27,407,3,1,2,-1,0.037037037037037035,0.037037037037037035,28.0,28.294117647058822,32,3032,0.010554089709762533
onlineshoppers,OperatingSystems,53,28,384,3,1,2,-1,0.03571428571428571,0.03571428571428572,24.5,25.333333333333332,35,3032,0.01154353562005277
onlineshoppers,OperatingSystems,54,27,416,2,1,1,-1,0.037037037037037035,0.03703703703703704,33.0,31.571428571428573,34,3028,0.011228533685601057
onlineshoppers,OperatingSystems,55,28,457,2,1,2,-1,0.03571428571428571,0.03571428571428571,37.5,32.5,36,2996,0.012016021361815754
onlineshoppers,OperatingSystems,56,26,393,3,1,2,-1,0.038461538461538464,0.038461538461538464,31.0,29.210526315789473,34,3080,0.01103896103896104
onlineshoppers,OperatingSystems,57,28,421,2,1,2,-1,0.03571428571428571,0.035714285714285705,30.0,28.869565217391305,35,3144,0.0111323155216285
onlineshoppers,OperatingSystems,58,28,420,3,1,1,-1,0.03571428571428572,0.035714285714285705,30.0,25.944444444444443,35,3038,0.01152073732718894
onlineshoppers,OperatingSystems,59,28,403,3,1,2,-1,0.035714285714285705,0.03571428571428572,29.5,28.2,39,3074,0.012687052700065062
onlineshoppers,OperatingSystems,60,27,408,2,1,1,-1,0.03703703703703703,0.037037037037037035,31.5,29.75,36,2954,0.012186865267433988
onlineshoppers,OperatingSystems,61,28,385,3,1,2,-1,0.03571428571428572,0.03571428571428571,32.0,27.782608695652176,32,3032,0.010554089709762533
onlineshoppers,OperatingSystems,62,28,410,3,1,1,-1,0.03571428571428571,0.03571428571428571,31.0,27.916666666666668,34,3094,0.01098901098901099
onlineshoppers,OperatingSystems,63,28,399,3,1,2,-1,0.03571428571428571,0.03571428571428571,30.5,27.875,33,2858,0.011546536039188244
onlineshoppers,OperatingSystems,64,27,390,3,1,3,-1,0.037037037037037035,0.03703703703703704,27.0,26.857142857142858,36,2918,0.01233721727210418
onlineshoppers,OperatingSystems,65,28,417,3,1,1,-1,0.03571428571428571,0.03571428571428572,31.0,28.08695652173913,37,3074,0.012036434612882238
onlineshoppers,OperatingSystems,66,28,402,3,1,2,-1,0.03571428571428572,0.03571428571428571,29.0,26.91304347826087,35,3072,0.011393229166666666
onlineshoppers,OperatingSystems,67,27,426,3,1,2,-1,0.037037037037037035,0.03703703703703704,33.0,29.210526315789473,35,3156,0.011089987325728771
onlineshoppers,OperatingSystems,68,28,413,3,1,2,-1,0.03571428571428571,0.03571428571428571,28.5,27.09090909090909,30,3072,0.009765625
onlineshoppers,OperatingSystems,69,28,398,3,1,2,-1,0.03571428571428572,0.03571428571428571,27.0,25.9,39,2962,0.013166779203241054
onlineshoppers,OperatingSystems,70,28,391,3,1,2,-1,0.03571428571428572,0.035714285714285705,28.5,27.3,34,3028,0.011228533685601057
onlineshoppers,OperatingSystems,71,27,447,2,1,1,-1,0.037037037037037035,0.03703703703703704,31.5,31.6,37,3030,0.01221122112211221
onlineshoppers,OperatingSystems,72,28,419,3,1,2,-1,0.03571428571428571,0.03571428571428573,30.0,28.428571428571427,35,3068,0.011408083441981747
onlineshoppers,OperatingSystems,73,27,399,2,1,1,-1,0.03703703703703704,0.037037037037037035,28.0,26.05263157894737,29,3076,0.00942782834850455
onlineshoppers,OperatingSystems,74,26,393,3,1,2,-1,0.03846153846153846,0.03846153846153847,32.0,29.31578947368421,35,2998,0.011674449633088725
onlineshoppers,OperatingSystems,75,28,410,3,1,2,-1,0.03571428571428571,0.03571428571428571,31.0,27.95,32,3048,0.010498687664041995
onlineshoppers,OperatingSystems,76,27,459,2,1,1,-1,0.037037037037037035,0.037037037037037035,37.5,35.05,37,3020,0.012251655629139073
onlineshoppers,OperatingSystems,77,28,396,3,1,1,-1,0.03571428571428572,0.035714285714285705,28.0,26.954545454545453,41,3124,0.013124199743918053
onlineshoppers,OperatingSystems,78,27,403,2,1,1,-1,0.037037037037037035,0.037037037037037035,30.5,28.863636363636363,41,3050,0.013442622950819673
onlineshoppers,OperatingSystems,79,28,361,4,1,4,-1,0.03571428571428571,0.03571428571428571,24.0,24.681818181818183,52,3098,0.016785022595222725
onlineshoppers,OperatingSystems,80,28,414,3,1,2,-1,0.03571428571428571,0.03571428571428571,29.0,28.16,35,3046,0.01149047931713723
onlineshoppers,OperatingSystems,81,28,394,3,1,1,-1,0.03571428571428572,0.03571428571428572,31.0,27.8,30,3094,0.009696186166774402
onlineshoppers,OperatingSystems,82,27,418,3,1,1,-1,0.037037037037037035,0.037037037037037035,31.5,27.375,40,3122,0.012812299807815503
onlineshoppers,OperatingSystems,83,27,403,2,1,2,-1,0.03703703703703704,0.03703703703703703,29.0,26.789473684210527,32,3056,0.010471204188481676
onlineshoppers,OperatingSystems,84,28,423,3,1,2,-1,0.03571428571428571,0.03571428571428571,30.0,28.210526315789473,33,3092,0.010672703751617076
onlineshoppers,OperatingSystems,85,27,408,2,1,1,-1,0.03703703703703703,0.037037037037037035,30.5,29.136363636363637,45,3078,0.014619883040935672
onlineshoppers,OperatingSystems,86,28,417,3,1,2,-1,0.03571428571428571,0.03571428571428571,29.0,28.304347826086957,32,3102,0.010315925209542231
onlineshoppers,OperatingSystems,87,28,398,3,1,1,-1,0.03571428571428571,0.03571428571428571,28.5,27.9,46,2998,0.015343562374916611
onlineshoppers,OperatingSystems,88,28,393,3,1,2,-1,0.03571428571428571,0.03571428571428572,34.0,30.157894736842106,37,3024,0.012235449735449735
onlineshoppers,OperatingSystems,89,27,381,2,1,1,-1,0.037037037037037035,0.037037037037037035,31.0,28.285714285714285,32,3140,0.01019108280254777
onlineshoppers,OperatingSystems,90,27,407,2,1,1,-1,0.037037037037037035,0.037037037037037035,31.0,27.789473684210527,41,2968,0.013814016172506738
onlineshoppers,OperatingSystems,91,28,403,3,1,2,-1,0.03571428571428571,0.03571428571428571,27.5,27.166666666666668,30,3072,0.009765625
onlineshoppers,OperatingSystems,92,28,387,3,1,3,-1,0.03571428571428571,0.03571428571428571,28.0,27.894736842105264,35,2992,0.011697860962566845
onlineshoppers,OperatingSystems,93,28,405,3,1,1,-1,0.03571428571428571,0.03571428571428571,30.5,27.5,35,3010,0.011627906976744186
onlineshoppers,OperatingSystems,94,27,417,3,1,1,-1,0.037037037037037035,0.037037037037037035,34.5,30.772727272727273,33,3004,0.010985352862849533
onlineshoppers,OperatingSystems,95,28,422,3,1,2,-1,0.03571428571428572,0.03571428571428572,31.0,27.857142857142858,37,3090,0.01197411003236246
onlineshoppers,OperatingSystems,96,28,434,3,1,2,-1,0.03571428571428572,0.03571428571428573,34.5,31.5,38,3002,0.012658227848101266
onlineshoppers,OperatingSystems,97,27,421,2,1,1,-1,0.03703703703703703,0.037037037037037035,33.0,30.82608695652174,38,3018,0.012591119946984758
onlineshoppers,OperatingSystems,98,27,426,2,1,1,-1,0.037037037037037035,0.037037037037037035,32.0,30.714285714285715,33,3116,0.010590500641848523
onlineshoppers,OperatingSystems,99,27,409,2,1,1,-1,0.037037037037037035,0.03703703703703704,30.5,29.45,35,2948,0.011872455902306648
onlineshoppers,OperatingSystems,100,27,402,3,1,2,-1,0.037037037037037035,0.037037037037037035,34.0,29.157894736842106,34,3066,0.011089367253750815
onlineshoppers,OperatingSystems,101,28,378,4,1,2,-1,0.03571428571428572,0.03571428571428571,24.5,24.2,39,3084,0.01264591439688716
onlineshoppers,OperatingSystems,102,28,440,3,1,1,-1,0.03571428571428571,0.03571428571428572,31.5,30.15,32,2982,0.010731052984574111
onlineshoppers,OperatingSystems,103,28,399,3,1,2,-1,0.03571428571428571,0.03571428571428572,31.0,28.857142857142858,35,3058,0.01144538914323087
onlineshoppers,OperatingSystems,104,27,400,2,1,1,-1,0.037037037037037035,0.037037037037037035,28.0,27.842105263157894,41,2986,0.013730743469524447
onlineshoppers,OperatingSystems,105,27,401,2,1,1,-1,0.037037037037037035,0.03703703703703704,32.0,29.833333333333332,36,3018,0.011928429423459244
onlineshoppers,OperatingSystems,106,27,398,3,1,2,-1,0.037037037037037035,0.037037037037037035,33.0,28.7,30,3066,0.009784735812133072
onlineshoppers,OperatingSystems,107,28,432,3,1,2,-1,0.03571428571428571,0.035714285714285705,31.0,30.736842105263158,31,2972,0.010430686406460296
onlineshoppers,OperatingSystems,108,27,384,2,1,2,-1,0.037037037037037035,0.03703703703703703,29.0,28.391304347826086,32,3008,0.010638297872340425
onlineshoppers,OperatingSystems,109,28,421,2,1,1,-1,0.03571428571428571,0.035714285714285705,28.5,29.5,37,3100,0.011935483870967743
onlineshoppers,OperatingSystems,110,28,410,3,1,1,-1,0.03571428571428571,0.03571428571428571,30.0,27.19047619047619,36,3032,0.011873350923482849
onlineshoppers,OperatingSystems,111,28,417,3,1,1,-1,0.035714285714285705,0.03571428571428571,30.5,28.90909090909091,31,2976,0.010416666666666666
onlineshoppers,OperatingSystems,112,28,396,3,1,2,-1,0.03571428571428571,0.03571428571428571,27.0,24.526315789473685,40,2942,0.013596193065941536
onlineshoppers,OperatingSystems,113,28,395,3,1,2,-1,0.03571428571428572,0.03571428571428571,30.5,28.954545454545453,33,3106,0.010624597553122988
onlineshoppers,OperatingSystems,114,27,379,3,1,2,-1,0.037037037037037035,0.037037037037037035,31.0,26.80952380952381,36,3190,0.01128526645768025
onlineshoppers,OperatingSystems,115,27,372,3,1,3,-1,0.037037037037037035,0.037037037037037035,26.5,25.636363636363637,43,2962,0.01451721809588116
onlineshoppers,OperatingSystems,116,27,429,2,1,1,-1,0.037037037037037035,0.03703703703703704,33.0,31.38095238095238,35,2948,0.011872455902306648
onlineshoppers,OperatingSystems,117,28,400,3,1,2,-1,0.03571428571428571,0.03571428571428571,27.0,25.80952380952381,33,3060,0.010784313725490196
onlineshoppers,OperatingSystems,118,27,406,3,1,2,-1,0.03703703703703704,0.037037037037037035,34.0,30.57894736842105,42,3110,0.013504823151125401
onlineshoppers,OperatingSystems,119,28,440,3,1,1,-1,0.035714285714285705,0.03571428571428572,31.5,29.555555555555557,38,3152,0.012055837563451776
onlineshoppers,OperatingSystems,120,27,403,2,1,1,-1,0.03703703703703703,0.037037037037037035,31.0,27.75,35,2996,0.011682242990654205
onlineshoppers,OperatingSystems,121,28,404,3,1,1,-1,0.035714285714285705,0.03571428571428571,28.0,26.285714285714285,34,3062,0.011103853690398433
onlineshoppers,OperatingSystems,122,26,390,2,1,1,-1,0.03846153846153845,0.038461538461538464,27.0,27.157894736842106,42,3114,0.01348747591522158
onlineshoppers,OperatingSystems,123,28,402,3,1,1,-1,0.035714285714285705,0.03571428571428571,21.0,25.0,35,2958,0.011832319134550372
onlineshoppers,OperatingSystems,124,27,394,2,1,1,-1,0.037037037037037035,0.037037037037037035,29.0,28.727272727272727,41,3028,0.013540290620871863
onlineshoppers,OperatingSystems,125,28,427,3,1,1,-1,0.03571428571428571,0.035714285714285705,27.0,27.428571428571427,39,2932,0.01330150068212824
onlineshoppers,OperatingSystems,126,27,411,3,1,1,-1,0.03703703703703703,0.037037037037037035,30.0,28.73913043478261,36,3032,0.011873350923482849
onlineshoppers,OperatingSystems,127,28,397,3,1,2,-1,0.03571428571428571,0.03571428571428572,29.5,28.458333333333332,33,3094,0.010665804783451843
onlineshoppers,OperatingSystems,128,28,405,3,1,2,-1,0.03571428571428572,0.035714285714285705,31.5,28.458333333333332,39,3064,0.012728459530026109
onlineshoppers,OperatingSystems,129,28,385,3,1,2,-1,0.03571428571428571,0.03571428571428571,28.0,26.782608695652176,39,3084,0.01264591439688716
onlineshoppers,OperatingSystems,130,28,418,3,1,3,-1,0.03571428571428572,0.035714285714285705,30.5,28.09090909090909,33,3100,0.01064516129032258
onlineshoppers,OperatingSystems,131,27,389,3,1,2,-1,0.03703703703703703,0.037037037037037035,32.0,28.61904761904762,33,2940,0.011224489795918367
onlineshoppers,OperatingSystems,132,28,399,3,1,2,-1,0.03571428571428571,0.03571428571428571,28.5,25.9,29,3024,0.00958994708994709
onlineshoppers,OperatingSystems,133,28,389,3,1,2,-1,0.03571428571428573,0.0357142857142857,30.0,27.181818181818183,34,3096,0.010981912144702842
onlineshoppers,OperatingSystems,134,28,392,3,1,1,-1,0.03571428571428571,0.03571428571428571,28.0,28.047619047619047,42,2916,0.01440329218106996
onlineshoppers,OperatingSystems,135,28,402,3,1,3,-1,0.03571428571428572,0.03571428571428571,30.0,27.652173913043477,36,3090,0.011650485436893204
onlineshoppers,OperatingSystems,136,28,383,3,1,3,-1,0.03571428571428572,0.03571428571428571,31.0,26.857142857142858,41,3052,0.013433813892529489
onlineshoppers,OperatingSystems,137,28,394,3,1,3,-1,0.03571428571428571,0.03571428571428572,28.0,25.52173913043478,32,3126,0.010236724248240563
onlineshoppers,OperatingSystems,138,28,415,3,1,2,-1,0.03571428571428571,0.035714285714285705,34.0,30.136363636363637,33,2980,0.011073825503355705
onlineshoppers,OperatingSystems,139,28,408,2,1,1,-1,0.03571428571428571,0.03571428571428571,27.5,27.375,31,3056,0.010143979057591623
onlineshoppers,OperatingSystems,140,28,416,3,1,2,-1,0.035714285714285705,0.03571428571428571,34.0,29.47826086956522,34,3070,0.011074918566775244
onlineshoppers,OperatingSystems,141,28,388,3,1,1,-1,0.03571428571428571,0.03571428571428572,26.5,25.59090909090909,42,2988,0.014056224899598393
onlineshoppers,OperatingSystems,142,28,405,3,1,1,-1,0.03571428571428572,0.035714285714285705,27.5,27.272727272727273,31,3000,0.010333333333333333
onlineshoppers,OperatingSystems,143,28,392,3,1,1,-1,0.035714285714285705,0.03571428571428573,31.0,27.958333333333332,36,2946,0.012219959266802444
onlineshoppers,OperatingSystems,144,28,434,3,1,2,-1,0.03571428571428571,0.035714285714285705,34.5,30.045454545454547,29,3212,0.009028642590286426
onlineshoppers,OperatingSystems,145,28,404,3,1,2,-1,0.03571428571428571,0.03571428571428571,31.5,28.75,38,3070,0.012377850162866449
onlineshoppers,OperatingSystems,146,28,425,3,1,1,-1,0.03571428571428571,0.03571428571428571,27.0,26.571428571428573,35,3086,0.01134154244977317
onlineshoppers,OperatingSystems,147,28,414,3,1,3,-1,0.03571428571428571,0.03571428571428571,30.5,28.363636363636363,37,2950,0.012542372881355932
onlineshoppers,OperatingSystems,148,27,398,3,1,3,-1,0.037037037037037035,0.037037037037037035,27.0,25.842105263157894,46,3080,0.014935064935064935
onlineshoppers,OperatingSystems,149,27,408,3,1,2,-1,0.037037037037037035,0.03703703703703704,28.5,29.0,35,3112,0.011246786632390746
onlineshoppers,OperatingSystems,150,27,403,3,1,2,-1,0.037037037037037035,0.037037037037037035,33.0,30.63157894736842,32,3024,0.010582010582010581
onlineshoppers,OperatingSystems,151,28,437,2,1,1,-1,0.03571428571428571,0.03571428571428572,32.0,31.24,44,3026,0.014540647719762063
onlineshoppers,OperatingSystems,152,28,424,3,1,1,-1,0.03571428571428572,0.03571428571428571,32.0,29.476190476190474,32,3106,0.0103026400515132
onlineshoppers,OperatingSystems,153,27,420,3,1,2,-1,0.03703703703703703,0.03703703703703704,33.0,30.681818181818183,35,3102,0.011283043197936816
onlineshoppers,OperatingSystems,154,28,416,2,1,2,-1,0.03571428571428571,0.035714285714285705,30.0,29.714285714285715,30,3084,0.009727626459143969
onlineshoppers,OperatingSystems,155,28,401,3,1,2,-1,0.035714285714285705,0.03571428571428571,31.0,28.0,40,3088,0.012953367875647668
onlineshoppers,OperatingSystems,156,28,400,3,1,3,-1,0.035714285714285705,0.03571428571428571,29.0,25.904761904761905,34,2994,0.011356045424181697
onlineshoppers,OperatingSystems,157,27,406,3,1,1,-1,0.037037037037037035,0.037037037037037035,30.5,27.85,37,3060,0.012091503267973857
onlineshoppers,OperatingSystems,158,27,398,3,1,2,-1,0.037037037037037035,0.037037037037037035,33.5,29.85,33,3044,0.010840998685939553
onlineshoppers,OperatingSystems,159,28,436,3,1,1,-1,0.03571428571428571,0.035714285714285705,30.5,28.8,34,3130,0.010862619808306708
onlineshoppers,OperatingSystems,160,28,382,3,1,1,-1,0.03571428571428572,0.03571428571428572,26.0,24.47826086956522,38,3116,0.012195121951219513
onlineshoppers,OperatingSystems,161,26,410,2,1,1,-1,0.038461538461538464,0.03846153846153846,32.0,29.63157894736842,31,3016,0.010278514588859417
onlineshoppers,OperatingSystems,162,28,423,3,1,2,-1,0.03571428571428571,0.03571428571428571,32.0,30.09090909090909,42,3168,0.013257575757575758
onlineshoppers,OperatingSystems,163,27,398,2,1,1,-1,0.03703703703703704,0.03703703703703704,30.0,28.391304347826086,34,3030,0.011221122112211221
onlineshoppers,OperatingSystems,164,28,408,3,1,3,-1,0.03571428571428571,0.03571428571428571,33.5,29.35,42,3136,0.013392857142857142
onlineshoppers,OperatingSystems,165,28,419,3,1,1,-1,0.035714285714285705,0.035714285714285705,32.0,28.952380952380953,31,2966,0.010451786918408631
onlineshoppers,OperatingSystems,166,27,420,2,1,1,-1,0.03703703703703704,0.03703703703703703,37.0,32.78947368421053,31,3026,0.010244547257105089
onlineshoppers,OperatingSystems,167,28,450,3,1,1,-1,0.03571428571428572,0.03571428571428571,34.0,33.13636363636363,33,3000,0.011
onlineshoppers,OperatingSystems,168,28,401,3,1,2,-1,0.03571428571428571,0.03571428571428572,27.0,26.227272727272727,35,3036,0.01152832674571805
onlineshoppers,OperatingSystems,169,28,453,3,1,1,-1,0.03571428571428572,0.03571428571428571,31.5,32.3,41,3102,0.013217279174725984
onlineshoppers,OperatingSystems,170,27,383,3,1,2,-1,0.037037037037037035,0.03703703703703704,29.0,26.19047619047619,34,2960,0.011486486486486487
onlineshoppers,OperatingSystems,171,28,389,3,1,2,-1,0.03571428571428572,0.03571428571428571,28.0,27.904761904761905,33,3092,0.010672703751617076
onlineshoppers,OperatingSystems,172,27,429,2,1,1,-1,0.037037037037037035,0.03703703703703703,27.0,29.476190476190474,34,3068,0.01108213820078227
onlineshoppers,OperatingSystems,173,26,410,3,1,2,-1,0.03846153846153846,0.03846153846153846,32.0,30.17391304347826,31,3034,0.01021753460777851
onlineshoppers,OperatingSystems,174,28,434,3,1,1,-1,0.03571428571428571,0.03571428571428572,33.0,30.0,39,3132,0.012452107279693486
onlineshoppers,OperatingSystems,175,28,397,4,1,3,-1,0.035714285714285705,0.035714285714285705,30.5,27.38888888888889,34,3074,0.011060507482108002
onlineshoppers,OperatingSystems,176,28,400,3,1,2,-1,0.03571428571428571,0.03571428571428571,30.0,26.761904761904763,33,3114,0.010597302504816955
onlineshoppers,OperatingSystems,177,27,399,3,1,2,-1,0.037037037037037035,0.037037037037037035,27.5,27.6,29,3030,0.00957095709570957
onlineshoppers,OperatingSystems,178,28,416,3,1,1,-1,0.03571428571428572,0.03571428571428571,32.0,28.714285714285715,35,3068,0.011408083441981747
onlineshoppers,OperatingSystems,179,28,400,3,1,1,-1,0.03571428571428571,0.03571428571428571,26.0,25.272727272727273,36,3040,0.011842105263157895
onlineshoppers,OperatingSystems,180,28,411,2,1,1,-1,0.03571428571428572,0.035714285714285705,26.0,27.047619047619047,33,3030,0.01089108910891089
onlineshoppers,OperatingSystems,181,28,380,3,1,3,-1,0.03571428571428571,0.03571428571428571,31.0,27.391304347826086,34,3000,0.011333333333333334
onlineshoppers,OperatingSystems,182,27,396,3,1,2,-1,0.03703703703703704,0.03703703703703703,28.0,27.571428571428573,31,3034,0.01021753460777851
onlineshoppers,OperatingSystems,183,28,422,3,1,2,-1,0.03571428571428571,0.03571428571428571,32.5,28.85,29,2998,0.009673115410273516
onlineshoppers,OperatingSystems,184,27,428,2,1,1,-1,0.03703703703703704,0.037037037037037035,32.0,30.470588235294116,34,3090,0.011003236245954692
onlineshoppers,OperatingSystems,185,28,402,3,1,1,-1,0.03571428571428571,0.03571428571428573,26.0,25.681818181818183,35,3036,0.01152832674571805
onlineshoppers,OperatingSystems,186,26,370,2,1,1,-1,0.03846153846153847,0.038461538461538464,29.0,28.2,35,3068,0.011408083441981747
onlineshoppers,OperatingSystems,187,27,390,3,1,2,-1,0.037037037037037035,0.03703703703703704,27.0,25.80952380952381,36,2972,0.012113055181695828
onlineshoppers,OperatingSystems,188,28,452,2,1,1,-1,0.03571428571428571,0.03571428571428572,32.5,31.0,37,3144,0.011768447837150127
onlineshoppers,OperatingSystems,189,28,381,3,1,1,-1,0.035714285714285705,0.03571428571428571,24.5,24.444444444444443,38,2956,0.012855209742895805
onlineshoppers,OperatingSystems,190,27,407,3,1,2,-1,0.03703703703703704,0.03703703703703704,30.0,28.428571428571427,37,3102,0.011927788523533205
onlineshoppers,OperatingSystems,191,27,393,3,1,3,-1,0.037037037037037035,0.037037037037037035,26.5,27.181818181818183,40,3050,0.013114754098360656
onlineshoppers,OperatingSystems,192,28,441,2,1,1,-1,0.03571428571428571,0.03571428571428571,35.0,31.285714285714285,36,2954,0.012186865267433988
onlineshoppers,OperatingSystems,193,28,370,3,1,2,-1,0.03571428571428571,0.03571428571428571,25.5,25.9,40,3080,0.012987012987012988
onlineshoppers,OperatingSystems,194,27,398,2,1,1,-1,0.03703703703703703,0.03703703703703704,30.0,29.08,41,3100,0.013225806451612903
onlineshoppers,OperatingSystems,195,28,447,2,1,1,-1,0.03571428571428571,0.03571428571428571,30.0,29.19047619047619,37,3004,0.012316910785619174
onlineshoppers,OperatingSystems,196,27,392,3,1,2,-1,0.03703703703703704,0.037037037037037035,30.0,28.842105263157894,37,3014,0.01227604512276045
onlineshoppers,OperatingSystems,197,26,407,2,1,1,-1,0.038461538461538464,0.038461538461538464,32.0,29.869565217391305,38,3040,0.0125
onlineshoppers,OperatingSystems,198,28,423,2,1,1,-1,0.035714285714285705,0.03571428571428571,27.5,27.818181818181817,34,3026,0.011235955056179775
onlineshoppers,OperatingSystems,199,28,415,3,1,1,-1,0.03571428571428572,0.03571428571428571,28.0,27.1,38,3014,0.012607830126078301
onlineshoppers,OperatingSystems,200,28,402,3,1,2,-1,0.035714285714285705,0.03571428571428571,29.5,27.541666666666668,35,2988,0.011713520749665328
onlineshoppers,OperatingSystems,201,28,415,3,1,1,-1,0.03571428571428571,0.035714285714285705,32.0,28.38095238095238,42,2936,0.01430517711171662
onlineshoppers,OperatingSystems,202,28,420,2,1,1,-1,0.03571428571428571,0.03571428571428571,28.5,25.4,34,3112,0.010925449871465296
onlineshoppers,OperatingSystems,203,28,438,2,1,1,-1,0.03571428571428572,0.03571428571428571,31.0,29.952380952380953,29,3130,0.00926517571884984
onlineshoppers,OperatingSystems,204,28,412,3,1,2,-1,0.03571428571428571,0.03571428571428572,29.0,26.545454545454547,35,3058,0.01144538914323087
onlineshoppers,OperatingSystems,205,28,404,3,1,2,-1,0.03571428571428571,0.03571428571428571,32.0,29.36,31,3104,0.009987113402061855
onlineshoppers,OperatingSystems,206,28,397,3,1,3,-1,0.035714285714285705,0.03571428571428572,27.0,27.476190476190474,37,3130,0.011821086261980831
onlineshoppers,OperatingSystems,207,27,439,2,1,2,-1,0.037037037037037035,0.03703703703703704,33.0,31.476190476190474,34,2920,0.011643835616438357
onlineshoppers,OperatingSystems,208,28,433,3,1,1,-1,0.03571428571428571,0.03571428571428571,30.0,30.428571428571427,36,3040,0.011842105263157895
onlineshoppers,OperatingSystems,209,28,380,3,1,1,-1,0.035714285714285705,0.03571428571428571,28.0,27.523809523809526,42,3068,0.013689700130378096
onlineshoppers,OperatingSystems,210,28,407,3,1,2,-1,0.035714285714285705,0.03571428571428572,32.5,29.9,32,3136,0.01020408163265306
onlineshoppers,OperatingSystems,211,28,404,3,1,2,-1,0.03571428571428571,0.03571428571428571,30.0,28.26086956521739,31,2900,0.010689655172413793
onlineshoppers,OperatingSystems,212,28,418,2,1,1,-1,0.03571428571428571,0.03571428571428571,29.0,27.0,47,3082,0.015249837767683322
onlineshoppers,OperatingSystems,213,28,401,3,1,1,-1,0.035714285714285705,0.03571428571428572,28.5,26.444444444444443,39,2994,0.013026052104208416
onlineshoppers,OperatingSystems,214,28,404,3,1,2,-1,0.035714285714285705,0.03571428571428572,30.0,27.652173913043477,40,3050,0.013114754098360656
onlineshoppers,OperatingSystems,215,27,411,3,1,2,-1,0.03703703703703704,0.037037037037037035,26.0,26.210526315789473,39,2984,0.01306970509383378
onlineshoppers,OperatingSystems,216,28,397,3,1,2,-1,0.03571428571428571,0.035714285714285705,27.0,27.363636363636363,42,3028,0.013870541611624834
onlineshoppers,OperatingSystems,217,27,411,3,1,1,-1,0.037037037037037035,0.037037037037037035,30.0,28.77777777777778,34,3078,0.011046133853151396
onlineshoppers,OperatingSystems,218,27,386,3,1,3,-1,0.03703703703703704,0.037037037037037035,29.0,27.473684210526315,41,3106,0.013200257566001287
onlineshoppers,OperatingSystems,219,28,417,3,1,2,-1,0.03571428571428572,0.03571428571428571,33.0,29.1,34,3094,0.01098901098901099
onlineshoppers,OperatingSystems,220,28,421,3,1,1,-1,0.03571428571428572,0.03571428571428571,34.0,29.571428571428573,38,3144,0.012086513994910942
onlineshoppers,OperatingSystems,221,27,393,3,1,3,-1,0.03703703703703704,0.037037037037037035,26.0,26.285714285714285,34,3010,0.011295681063122924
onlineshoppers,OperatingSystems,222,28,396,3,1,2,-1,0.03571428571428571,0.035714285714285705,30.0,26.63157894736842,35,2924,0.011969904240766074
onlineshoppers,OperatingSystems,223,28,410,3,1,1,-1,0.03571428571428572,0.03571428571428571,34.0,29.681818181818183,44,3052,0.014416775884665793
onlineshoppers,OperatingSystems,224,28,382,3,1,1,-1,0.03571428571428571,0.03571428571428571,23.0,25.47826086956522,38,3056,0.012434554973821989
onlineshoppers,OperatingSystems,225,28,387,3,1,1,-1,0.03571428571428572,0.03571428571428571,28.0,26.166666666666668,38,2968,0.012803234501347708
onlineshoppers,OperatingSystems,226,28,394,3,1,3,-1,0.03571428571428571,0.035714285714285705,30.5,27.59090909090909,34,3082,0.011031797534068787
onlineshoppers,OperatingSystems,227,27,411,3,1,2,-1,0.037037037037037035,0.037037037037037035,31.5,30.181818181818183,33,3056,0.010798429319371727
onlineshoppers,OperatingSystems,228,28,429,2,1,1,-1,0.03571428571428571,0.03571428571428571,30.0,30.454545454545453,42,2986,0.01406563965170797
onlineshoppers,OperatingSystems,229,27,390,2,1,1,-1,0.037037037037037035,0.037037037037037035,33.5,28.65,45,2996,0.015020026702269693
onlineshoppers,OperatingSystems,230,27,429,2,1,1,-1,0.037037037037037035,0.037037037037037035,30.0,29.57894736842105,34,2998,0.01134089392928619
onlineshoppers,OperatingSystems,231,28,396,3,1,1,-1,0.03571428571428571,0.03571428571428571,29.5,28.73076923076923,41,3086,0.013285806869734284
onlineshoppers,OperatingSystems,232,27,407,3,1,3,-1,0.037037037037037035,0.037037037037037035,31.0,29.043478260869566,37,3028,0.012219286657859974
onlineshoppers,OperatingSystems,233,28,392,3,1,1,-1,0.03571428571428571,0.03571428571428571,28.0,25.40909090909091,47,3120,0.015064102564102564
onlineshoppers,OperatingSystems,234,28,429,3,1,1,-1,0.03571428571428571,0.03571428571428571,33.0,29.904761904761905,44,3070,0.014332247557003257
onlineshoppers,OperatingSystems,235,28,437,3,1,2,-1,0.03571428571428571,0.035714285714285705,33.0,29.95,37,2986,0.012391158740790355
onlineshoppers,OperatingSystems,236,28,431,2,1,1,-1,0.03571428571428571,0.03571428571428572,33.0,30.26086956521739,38,3022,0.01257445400397088
onlineshoppers,OperatingSystems,237,27,404,2,1,3,-1,0.037037037037037035,0.037037037037037035,29.0,29.09090909090909,35,3046,0.01149047931713723
onlineshoppers,OperatingSystems,238,27,410,3,1,1,-1,0.037037037037037035,0.037037037037037035,31.0,28.7,38,3048,0.012467191601049869
onlineshoppers,OperatingSystems,239,28,417,3,1,1,-1,0.03571428571428571,0.03571428571428571,32.0,30.19047619047619,33,3114,0.010597302504816955
onlineshoppers,OperatingSystems,240,27,408,3,1,2,-1,0.037037037037037035,0.037037037037037035,32.0,30.136363636363637,32,3062,0.010450685826257348
onlineshoppers,OperatingSystems,241,27,417,2,1,1,-1,0.037037037037037035,0.037037037037037035,31.5,28.833333333333332,33,3032,0.010883905013192613
onlineshoppers,OperatingSystems,242,27,384,3,1,2,-1,0.037037037037037035,0.03703703703703704,29.5,27.0,33,3038,0.010862409479921
onlineshoppers,OperatingSystems,243,28,409,2,1,1,-1,0.03571428571428571,0.03571428571428573,27.0,28.05,35,2980,0.01174496644295302
onlineshoppers,OperatingSystems,244,27,409,3,1,2,-1,0.037037037037037035,0.03703703703703704,32.5,29.818181818181817,34,3044,0.011169513797634692
onlineshoppers,OperatingSystems,245,27,388,3,1,2,-1,0.037037037037037035,0.037037037037037035,31.0,28.142857142857142,34,3028,0.011228533685601057
onlineshoppers,OperatingSystems,246,28,410,3,1,1,-1,0.03571428571428571,0.03571428571428572,32.5,28.863636363636363,45,3054,0.014734774066797643
onlineshoppers,OperatingSystems,247,27,397,3,1,1,-1,0.03703703703703704,0.03703703703703704,27.0,25.45,40,3018,0.013253810470510271
onlineshoppers,OperatingSystems,248,28,390,2,1,1,-1,0.03571428571428572,0.03571428571428571,28.0,26.476190476190474,42,3200,0.013125
onlineshoppers,OperatingSystems,249,28,426,3,1,2,-1,0.035714285714285705,0.03571428571428571,33.0,30.0,35,3080,0.011363636363636364
onlineshoppers,OperatingSystems,250,27,405,3,1,2,-1,0.037037037037037035,0.03703703703703703,28.5,26.4,38,3132,0.012132822477650063
onlineshoppers,OperatingSystems,251,28,438,2,1,1,-1,0.03571428571428571,0.03571428571428572,30.5,30.90909090909091,35,3008,0.01163563829787234
onlineshoppers,OperatingSystems,252,27,380,2,1,2,-1,0.03703703703703704,0.037037037037037035,29.0,27.0,36,3100,0.011612903225806452
onlineshoppers,OperatingSystems,253,28,398,3,1,1,-1,0.03571428571428571,0.03571428571428572,31.0,28.565217391304348,39,3028,0.012879788639365918
onlineshoppers,OperatingSystems,254,28,407,3,1,3,-1,0.03571428571428571,0.03571428571428571,31.5,28.818181818181817,38,3072,0.012369791666666666
onlineshoppers,OperatingSystems,255,28,414,2,1,1,-1,0.03571428571428571,0.03571428571428572,27.0,26.652173913043477,36,3092,0.01164294954721863
onlineshoppers,OperatingSystems,256,27,429,2,1,1,-1,0.037037037037037035,0.03703703703703703,30.5,30.55,40,2998,0.0133422281521014
onlineshoppers,OperatingSystems,257,28,406,3,1,2,-1,0.03571428571428571,0.035714285714285705,31.5,28.1,35,3016,0.011604774535809019
onlineshoppers,OperatingSystems,258,27,384,3,1,2,-1,0.03703703703703703,0.037037037037037035,31.0,28.555555555555557,36,2918,0.01233721727210418
onlineshoppers,OperatingSystems,259,28,440,3,1,3,-1,0.03571428571428571,0.035714285714285705,34.5,30.916666666666668,33,3116,0.010590500641848523
onlineshoppers,OperatingSystems,260,28,376,3,1,1,-1,0.03571428571428571,0.03571428571428571,25.0,26.38095238095238,31,2994,0.010354041416165664
onlineshoppers,OperatingSystems,261,27,395,3,1,2,-1,0.037037037037037035,0.037037037037037035,29.0,26.94736842105263,35,3098,0.011297611362169141
onlineshoppers,OperatingSystems,262,28,425,2,1,1,-1,0.03571428571428572,0.03571428571428571,34.0,30.52173913043478,39,3048,0.012795275590551181
onlineshoppers,OperatingSystems,263,27,402,3,1,1,-1,0.037037037037037035,0.03703703703703704,30.0,27.72222222222222,38,3048,0.012467191601049869
onlineshoppers,OperatingSystems,264,28,403,3,1,3,-1,0.03571428571428572,0.035714285714285705,28.5,26.85,37,3012,0.012284196547144754
onlineshoppers,OperatingSystems,265,28,410,3,1,2,-1,0.03571428571428571,0.035714285714285705,32.0,27.894736842105264,39,3188,0.012233375156838143
onlineshoppers,OperatingSystems,266,27,413,3,1,2,-1,0.03703703703703704,0.037037037037037035,33.0,31.24,28,3156,0.008871989860583017
onlineshoppers,OperatingSystems,267,28,419,3,1,1,-1,0.03571428571428571,0.03571428571428571,31.0,28.56,37,3130,0.011821086261980831
onlineshoppers,OperatingSystems,268,28,388,3,1,2,-1,0.03571428571428572,0.03571428571428571,28.5,26.227272727272727,49,3022,0.016214427531436135
onlineshoppers,OperatingSystems,269,28,379,3,1,2,-1,0.035714285714285705,0.03571428571428571,32.0,26.428571428571427,40,2964,0.01349527665317139
onlineshoppers,OperatingSystems,270,28,359,3,1,2,-1,0.03571428571428571,0.03571428571428572,26.0,25.125,40,3024,0.013227513227513227
onlineshoppers,OperatingSystems,271,28,430,2,1,1,-1,0.03571428571428571,0.03571428571428571,28.0,28.217391304347824,36,3274,0.010995723885155772
onlineshoppers,OperatingSystems,272,27,374,3,1,2,-1,0.03703703703703703,0.03703703703703704,25.5,23.77777777777778,33,3074,0.01073519843851659
onlineshoppers,OperatingSystems,273,28,408,3,1,2,-1,0.0357142857142857,0.03571428571428571,30.0,29.130434782608695,37,3084,0.011997405966277562
onlineshoppers,OperatingSystems,274,27,404,3,1,2,-1,0.037037037037037035,0.037037037037037056,30.0,28.285714285714285,31,3074,0.010084580351333767
onlineshoppers,OperatingSystems,275,28,416,3,1,3,-1,0.03571428571428572,0.035714285714285705,34.0,30.22222222222222,48,2992,0.016042780748663103
onlineshoppers,OperatingSystems,276,28,389,2,1,1,-1,0.035714285714285705,0.035714285714285705,31.5,28.423076923076923,36,3010,0.011960132890365448
onlineshoppers,OperatingSystems,277,28,397,3,1,2,-1,0.035714285714285705,0.03571428571428571,25.5,25.22222222222222,50,3100,0.016129032258064516
onlineshoppers,OperatingSystems,278,28,426,2,1,1,-1,0.03571428571428571,0.03571428571428571,27.5,29.318181818181817,28,3128,0.008951406649616368
onlineshoppers,OperatingSystems,279,28,407,3,1,2,-1,0.03571428571428573,0.03571428571428571,30.5,29.75,37,2998,0.012341561040693796
onlineshoppers,OperatingSystems,280,28,385,3,1,3,-1,0.03571428571428571,0.03571428571428571,29.0,26.476190476190474,34,3118,0.010904425914047467
onlineshoppers,OperatingSystems,281,28,377,3,1,2,-1,0.03571428571428571,0.03571428571428571,28.5,26.72222222222222,32,3050,0.010491803278688525
onlineshoppers,OperatingSystems,282,27,389,3,1,1,-1,0.037037037037037035,0.037037037037037035,32.0,28.25,45,3094,0.014544279250161603
onlineshoppers,OperatingSystems,283,28,409,2,1,1,-1,0.03571428571428571,0.03571428571428571,34.0,30.0,37,3076,0.012028608582574773
onlineshoppers,OperatingSystems,284,28,413,3,1,2,-1,0.03571428571428572,0.03571428571428571,31.0,28.238095238095237,32,3004,0.010652463382157125
onlineshoppers,OperatingSystems,285,28,411,3,1,2,-1,0.03571428571428572,0.035714285714285705,31.0,28.285714285714285,47,3104,0.015141752577319588
onlineshoppers,OperatingSystems,286,27,348,3,1,4,-1,0.037037037037037056,0.037037037037037035,28.0,24.05263157894737,31,3122,0.009929532351057015
onlineshoppers,OperatingSystems,287,28,397,3,1,2,-1,0.03571428571428571,0.03571428571428571,29.0,26.304347826086957,38,3072,0.012369791666666666
onlineshoppers,OperatingSystems,288,27,403,2,1,1,-1,0.03703703703703703,0.037037037037037035,28.5,26.95,37,3052,0.012123197903014417
onlineshoppers,OperatingSystems,289,28,388,3,1,2,-1,0.03571428571428571,0.03571428571428573,26.0,25.363636363636363,37,3100,0.011935483870967743
onlineshoppers,OperatingSystems,290,26,365,2,1,1,-1,0.038461538461538464,0.03846153846153845,30.5,27.65,37,3144,0.011768447837150127
onlineshoppers,OperatingSystems,291,28,419,2,1,1,-1,0.03571428571428571,0.03571428571428571,32.5,30.363636363636363,48,2962,0.016205266711681297
onlineshoppers,OperatingSystems,292,28,420,3,1,2,-1,0.03571428571428571,0.03571428571428571,32.5,29.681818181818183,35,3134,0.011167836630504148
onlineshoppers,OperatingSystems,293,27,416,2,1,1,-1,0.037037037037037035,0.037037037037037035,30.5,28.818181818181817,42,3080,0.013636363636363636
onlineshoppers,OperatingSystems,294,28,409,2,1,1,-1,0.03571428571428571,0.03571428571428571,28.0,26.523809523809526,36,2986,0.012056262558606833
onlineshoppers,OperatingSystems,295,28,407,3,1,2,-1,0.03571428571428571,0.03571428571428571,28.0,26.434782608695652,41,3062,0.013389941214892228
onlineshoppers,OperatingSystems,296,27,414,2,1,1,-1,0.03703703703703703,0.03703703703703704,29.0,28.857142857142858,36,2960,0.012162162162162163
onlineshoppers,OperatingSystems,297,28,386,3,1,3,-1,0.035714285714285705,0.03571428571428571,33.0,29.61904761904762,45,3054,0.014734774066797643
onlineshoppers,OperatingSystems,298,28,405,3,1,2,-1,0.03571428571428571,0.03571428571428571,29.5,26.95,31,2962,0.010465901417960837
onlineshoppers,OperatingSystems,299,28,400,2,1,1,-1,0.035714285714285705,0.03571428571428571,29.5,29.0,33,3110,0.010610932475884245
onlineshoppers,Browser,0,28,399,3,1,2,-1,0.03571428571428571,0.03571428571428571,28.0,26.61904761904762,37,2974,0.012441156691324815
onlineshoppers,Browser,1,27,385,3,1,3,-1,0.037037037037037035,0.037037037037037035,31.0,27.142857142857142,44,3000,0.014666666666666666
onlineshoppers,Browser,2,28,432,3,1,1,-1,0.035714285714285705,0.03571428571428571,31.5,29.7,35,3068,0.011408083441981747
onlineshoppers,Browser,3,28,425,3,1,1,-1,0.03571428571428571,0.03571428571428571,30.0,27.736842105263158,38,3018,0.012591119946984758
onlineshoppers,Browser,4,27,373,2,1,1,-1,0.037037037037037035,0.037037037037037035,26.0,26.0,39,3116,0.01251604621309371
onlineshoppers,Browser,5,27,400,3,1,1,-1,0.03703703703703704,0.037037037037037035,28.0,28.31578947368421,34,3018,0.01126573889993373
onlineshoppers,Browser,6,28,399,3,1,1,-1,0.03571428571428571,0.03571428571428571,25.5,25.6,33,3068,0.01075619295958279
onlineshoppers,Browser,7,27,388,2,1,2,-1,0.03703703703703703,0.03703703703703704,31.0,28.904761904761905,34,3050,0.011147540983606558
onlineshoppers,Browser,8,28,372,3,1,2,-1,0.03571428571428572,0.03571428571428572,34.0,28.473684210526315,38,3156,0.012040557667934094
onlineshoppers,Browser,9,28,439,2,1,1,-1,0.03571428571428572,0.03571428571428571,33.0,31.227272727272727,38,2990,0.012709030100334449
onlineshoppers,Browser,10,27,401,3,1,3,-1,0.03703703703703703,0.037037037037037035,30.5,27.454545454545453,35,3086,0.01134154244977317
onlineshoppers,Browser,11,28,390,3,1,2,-1,0.03571428571428572,0.03571428571428571,27.0,26.0,34,3062,0.011103853690398433
onlineshoppers,Browser,12,27,375,3,1,2,-1,0.037037037037037035,0.037037037037037035,30.0,26.772727272727273,37,3054,0.012115258677144728
onlineshoppers,Browser,13,27,380,3,1,1,-1,0.03703703703703704,0.037037037037037035,27.0,25.61904761904762,38,3058,0.012426422498364944
onlineshoppers,Browser,14,28,393,3,1,1,-1,0.035714285714285705,0.03571428571428571,29.0,27.714285714285715,34,3048,0.01115485564304462
onlineshoppers,Browser,15,28,399,3,1,2,-1,0.03571428571428573,0.035714285714285705,31.5,28.75,36,2938,0.012253233492171545
onlineshoppers,Browser,16,28,446,3,1,1,-1,0.035714285714285705,0.03571428571428571,33.0,30.82608695652174,37,3068,0.012059973924380704
onlineshoppers,Browser,17,28,408,3,1,2,-1,0.03571428571428571,0.03571428571428571,28.5,28.0,33,3008,0.010970744680851064
onlineshoppers,Browser,18,28,445,2,1,1,-1,0.03571428571428571,0.035714285714285705,30.0,29.476190476190474,37,2998,0.012341561040693796
onlineshoppers,Browser,19,27,396,2,1,2,-1,0.03703703703703704,0.037037037037037035,28.5,27.40909090909091,35,3078,0.011371020142949967
onlineshoppers,Browser,20,28,419,3,1,2,-1,0.03571428571428571,0.03571428571428571,32.0,28.952380952380953,36,3030,0.011881188118811881
onlineshoppers,Browser,21,27,409,2,1,1,-1,0.037037037037037035,0.037037037037037035,32.0,29.142857142857142,35,3088,0.01133419689119171
onlineshoppers,Browser,22,28,390,3,1,2,-1,0.035714285714285705,0.03571428571428571,28.0,25.85,37,2980,0.012416107382550336
onlineshoppers,Browser,23,28,384,3,1,2,-1,0.03571428571428571,0.03571428571428571,31.0,26.954545454545453,39,2974,0.013113651647612643
onlineshoppers,Browser,24,27,384,3,1,1,-1,0.037037037037037035,0.03703703703703703,29.5,27.59090909090909,39,2970,0.013131313131313131
onlineshoppers,Browser,25,28,406,3,1,3,-1,0.03571428571428571,0.03571428571428571,31.0,27.68421052631579,35,3178,0.011013215859030838
onlineshoppers,Browser,26,28,396,2,1,1,-1,0.03571428571428571,0.03571428571428571,27.0,27.333333333333332,40,3030,0.013201320132013201
onlineshoppers,Browser,27,27,409,3,1,2,-1,0.037037037037037035,0.037037037037037035,32.0,27.263157894736842,36,3042,0.011834319526627219
onlineshoppers,Browser,28,27,394,2,1,1,-1,0.03703703703703704,0.037037037037037035,32.0,28.736842105263158,41,3058,0.013407455853499018
onlineshoppers,Browser,29,28,432,2,1,1,-1,0.03571428571428571,0.03571428571428572,28.0,29.333333333333332,36,2970,0.012121212121212121
onlineshoppers,Browser,30,28,403,3,1,3,-1,0.03571428571428571,0.03571428571428571,34.0,29.94736842105263,34,3046,0.011162179908076166
onlineshoppers,Browser,31,28,419,3,1,2,-1,0.035714285714285705,0.035714285714285705,30.0,29.227272727272727,31,3066,0.010110893672537508
onlineshoppers,Browser,32,28,401,3,1,2,-1,0.03571428571428571,0.03571428571428571,29.5,28.954545454545453,34,2954,0.011509817197020988
onlineshoppers,Browser,33,27,415,2,1,1,-1,0.037037037037037035,0.03703703703703703,30.0,29.27777777777778,33,3038,0.010862409479921
onlineshoppers,Browser,34,27,386,3,1,2,-1,0.037037037037037035,0.037037037037037056,27.5,25.5,32,3050,0.010491803278688525
onlineshoppers,Browser,35,28,418,3,1,4,-1,0.03571428571428571,0.035714285714285705,30.0,27.285714285714285,39,3102,0.012572533849129593
onlineshoppers,Browser,36,27,374,3,1,3,-1,0.037037037037037035,0.037037037037037035,25.0,25.181818181818183,36,3034,0.011865524060646011
onlineshoppers,Browser,37,28,401,3,1,3,-1,0.03571428571428571,0.03571428571428571,29.0,26.61904761904762,36,3062,0.011757021554539516
onlineshoppers,Browser,38,28,418,3,1,1,-1,0.03571428571428571,0.03571428571428571,30.0,29.38095238095238,49,3202,0.015302935665209244
onlineshoppers,Browser,39,28,386,3,1,2,-1,0.03571428571428571,0.03571428571428571,30.0,28.904761904761905,34,3048,0.01115485564304462
onlineshoppers,Browser,40,28,401,3,1,1,-1,0.03571428571428571,0.03571428571428572,31.0,28.318181818181817,34,3030,0.011221122112211221
onlineshoppers,Browser,41,27,397,3,1,2,-1,0.03703703703703704,0.03703703703703704,29.5,27.727272727272727,37,3008,0.012300531914893617
onlineshoppers,Browser,42,28,403,3,1,2,-1,0.03571428571428571,0.03571428571428571,32.0,28.36842105263158,35,3042,0.011505588428665352
onlineshoppers,Browser,43,27,397,2,1,1,-1,0.03703703703703703,0.037037037037037035,29.0,28.36842105263158,31,3064,0.010117493472584857
onlineshoppers,Browser,44,28,406,2,1,1,-1,0.03571428571428571,0.03571428571428571,32.5,30.291666666666668,40,3000,0.013333333333333334
onlineshoppers,Browser,45,28,394,3,1,2,-1,0.03571428571428572,0.03571428571428571,26.0,26.36,40,3170,0.012618296529968454
onlineshoppers,Browser,46,28,401,3,1,1,-1,0.03571428571428571,0.035714285714285705,31.0,27.8,44,3060,0.01437908496732026
onlineshoppers,Browser,47,27,410,3,1,2,-1,0.037037037037037056,0.03703703703703704,32.5,29.9,38,2918,0.013022618231665525
onlineshoppers,Browser,48,28,365,4,1,4,-1,0.03571428571428571,0.03571428571428571,30.0,26.954545454545453,34,3058,0.011118378024852845
onlineshoppers,Browser,49,28,407,2,1,1,-1,0.03571428571428571,0.03571428571428571,32.5,29.045454545454547,35,2938,0.011912865895166781
onlineshoppers,Browser,50,27,404,2,1,1,-1,0.03703703703703704,0.03703703703703704,31.5,29.5,39,3076,0.012678803641092327
onlineshoppers,Browser,51,28,413,3,1,2,-1,0.03571428571428571,0.03571428571428571,30.0,30.047619047619047,31,2970,0.010437710437710438
onlineshoppers,Browser,52,28,390,3,1,2,-1,0.03571428571428571,0.03571428571428573,30.0,27.772727272727273,39,3064,0.012728459530026109
onlineshoppers,Browser,53,28,389,3,1,1,-1,0.035714285714285705,0.03571428571428571,27.0,25.904761904761905,35,3082,0.01135626216742375
onlineshoppers,Browser,54,28,419,3,1,2,-1,0.03571428571428571,0.035714285714285705,31.0,29.217391304347824,31,3094,0.01001939237233355
onlineshoppers,Browser,55,28,403,3,1,2,-1,0.03571428571428571,0.03571428571428573,31.0,29.476190476190474,37,2942,0.01257647858599592
onlineshoppers,Browser,56,28,397,3,1,1,-1,0.03571428571428571,0.03571428571428571,31.5,28.38888888888889,37,2926,0.012645249487354751
onlineshoppers,Browser,57,28,416,3,1,1,-1,0.03571428571428572,0.03571428571428571,28.0,29.2,39,3002,0.012991339107261825
onlineshoppers,Browser,58,27,388,3,1,2,-1,0.03703703703703703,0.03703703703703703,28.0,27.136363636363637,38,3036,0.012516469038208168
onlineshoppers,Browser,59,27,410,2,1,1,-1,0.03703703703703704,0.037037037037037035,30.0,28.647058823529413,33,2940,0.011224489795918367
onlineshoppers,Browser,60,28,405,3,1,1,-1,0.035714285714285705,0.03571428571428571,32.0,29.48,34,2980,0.011409395973154362
onlineshoppers,Browser,61,28,419,2,1,1,-1,0.035714285714285705,0.035714285714285705,31.0,28.68421052631579,30,2974,0.010087424344317418
onlineshoppers,Browser,62,28,410,3,1,2,-1,0.03571428571428571,0.03571428571428572,27.0,26.954545454545453,34,3036,0.011198945981554678
onlineshoppers,Browser,63,28,394,3,1,1,-1,0.035714285714285705,0.03571428571428572,30.0,27.61904761904762,39,3002,0.012991339107261825
onlineshoppers,Browser,64,28,411,3,1,2,-1,0.03571428571428571,0.03571428571428571,29.5,27.35,37,3090,0.01197411003236246
onlineshoppers,Browser,65,28,411,3,1,2,-1,0.03571428571428572,0.03571428571428571,27.0,27.347826086956523,44,2976,0.01478494623655914
onlineshoppers,Browser,66,28,415,3,1,2,-1,0.0357142857142857,0.03571428571428572,30.0,28.26086956521739,34,3088,0.011010362694300517
onlineshoppers,Browser,67,28,415,3,1,1,-1,0.03571428571428571,0.03571428571428571,30.0,27.105263157894736,40,3072,0.013020833333333334
onlineshoppers,Browser,68,28,438,3,1,2,-1,0.03571428571428571,0.035714285714285705,28.0,29.0,39,3046,0.012803676953381483
onlineshoppers,Browser,69,28,423,3,1,1,-1,0.03571428571428571,0.03571428571428571,31.0,28.73913043478261,45,3088,0.014572538860103627
onlineshoppers,Browser,70,28,414,3,1,1,-1,0.03571428571428571,0.03571428571428572,33.5,30.5,31,3104,0.009987113402061855
onlineshoppers,Browser,71,27,389,3,1,2,-1,0.037037037037037035,0.037037037037037035,29.5,25.4375,40,3264,0.012254901960784314
onlineshoppers,Browser,72,27,421,3,1,2,-1,0.037037037037037035,0.037037037037037035,33.0,29.0,33,2936,0.011239782016348773
onlineshoppers,Browser,73,27,420,3,1,2,-1,0.037037037037037035,0.03703703703703704,33.5,29.95,46,3080,0.014935064935064935
onlineshoppers,Browser,74,28,403,3,1,2,-1,0.035714285714285705,0.03571428571428572,32.0,30.1,31,2872,0.010793871866295265
onlineshoppers,Browser,75,28,422,3,1,3,-1,0.03571428571428571,0.03571428571428571,32.0,29.0,32,3068,0.010430247718383311
onlineshoppers,Browser,76,28,429,2,1,1,-1,0.03571428571428571,0.03571428571428572,29.0,28.31578947368421,36,3088,0.011658031088082901
onlineshoppers,Browser,77,28,395,2,1,2,-1,0.03571428571428572,0.035714285714285705,27.5,26.90909090909091,35,3016,0.011604774535809019
onlineshoppers,Browser,78,28,431,3,1,1,-1,0.03571428571428571,0.03571428571428572,32.0,29.347826086956523,37,3066,0.012067840834964122
onlineshoppers,Browser,79,28,394,2,1,1,-1,0.03571428571428571,0.03571428571428571,28.0,26.736842105263158,37,2990,0.012374581939799331
onlineshoppers,Browser,80,27,437,2,1,1,-1,0.037037037037037035,0.03703703703703704,35.5,32.1875,33,3152,0.010469543147208122
onlineshoppers,Browser,81,28,415,2,1,2,-1,0.03571428571428572,0.03571428571428572,30.0,27.95,35,3100,0.01129032258064516
onlineshoppers,Browser,82,28,416,2,1,1,-1,0.035714285714285705,0.03571428571428571,29.5,28.5,44,3064,0.014360313315926894
onlineshoppers,Browser,83,27,400,3,1,2,-1,0.037037037037037035,0.037037037037037035,28.0,27.63157894736842,39,3082,0.012654120700843608
onlineshoppers,Browser,84,27,407,3,1,2,-1,0.037037037037037035,0.037037037037037035,30.0,27.75,36,3168,0.011363636363636364
onlineshoppers,Browser,85,28,418,3,1,1,-1,0.03571428571428571,0.03571428571428572,29.0,27.61904761904762,30,3014,0.009953550099535502
onlineshoppers,Browser,86,28,401,3,1,2,-1,0.03571428571428571,0.03571428571428571,30.0,26.705882352941178,36,2998,0.01200800533689126
onlineshoppers,Browser,87,28,441,3,1,1,-1,0.03571428571428572,0.03571428571428571,31.0,29.952380952380953,40,3014,0.013271400132714002
onlineshoppers,Browser,88,28,394,3,1,2,-1,0.03571428571428572,0.03571428571428571,30.0,26.857142857142858,33,3036,0.010869565217391304
onlineshoppers,Browser,89,28,423,3,1,1,-1,0.03571428571428571,0.03571428571428572,31.5,29.272727272727273,30,3018,0.009940357852882704
onlineshoppers,Browser,90,28,460,3,1,1,-1,0.035714285714285705,0.03571428571428571,33.0,30.41176470588235,31,3086,0.010045366169799093
onlineshoppers,Browser,91,28,427,2,1,1,-1,0.035714285714285705,0.03571428571428571,31.0,30.6,38,3088,0.012305699481865285
onlineshoppers,Browser,92,28,434,2,1,1,-1,0.03571428571428571,0.03571428571428573,32.5,30.272727272727273,35,3124,0.01120358514724712
onlineshoppers,Browser,93,28,424,3,1,2,-1,0.03571428571428571,0.03571428571428571,34.0,29.73913043478261,33,3022,0.010919920582395765
onlineshoppers,Browser,94,27,391,3,1,3,-1,0.037037037037037035,0.037037037037037035,29.5,27.954545454545453,41,3048,0.013451443569553806
onlineshoppers,Browser,95,27,400,2,1,1,-1,0.03703703703703704,0.037037037037037035,33.0,29.476190476190474,37,2952,0.012533875338753388
onlineshoppers,Browser,96,28,364,3,1,3,-1,0.03571428571428571,0.0357142857142857,26.0,24.73913043478261,34,2992,0.011363636363636364
onlineshoppers,Browser,97,27,411,2,1,2,-1,0.03703703703703703,0.037037037037037035,31.5,29.1,32,3038,0.01053324555628703
onlineshoppers,Browser,98,28,404,3,1,1,-1,0.03571428571428571,0.03571428571428571,31.0,28.94736842105263,37,3122,0.01185137732222934
onlineshoppers,Browser,99,27,393,2,1,2,-1,0.037037037037037035,0.037037037037037035,29.0,28.304347826086957,37,3128,0.011828644501278773
onlineshoppers,Browser,100,28,389,3,1,1,-1,0.03571428571428571,0.03571428571428571,31.0,28.136363636363637,31,3104,0.009987113402061855
onlineshoppers,Browser,101,28,393,4,1,3,-1,0.03571428571428571,0.03571428571428571,29.0,27.36842105263158,41,3138,0.013065646908859146
onlineshoppers,Browser,102,27,411,3,1,2,-1,0.03703703703703703,0.03703703703703703,33.0,28.38095238095238,40,3056,0.013089005235602094
onlineshoppers,Browser,103,28,366,3,1,1,-1,0.03571428571428572,0.03571428571428571,28.0,25.263157894736842,38,3040,0.0125
onlineshoppers,Browser,104,28,416,2,1,1,-1,0.03571428571428571,0.035714285714285705,29.0,27.94736842105263,39,3096,0.012596899224806201
onlineshoppers,Browser,105,27,408,2,1,1,-1,0.03703703703703704,0.037037037037037035,30.0,28.80952380952381,34,3058,0.011118378024852845
onlineshoppers,Browser,106,28,418,3,1,2,-1,0.035714285714285705,0.03571428571428572,29.5,27.75,40,3114,0.012845215157353885
onlineshoppers,Browser,107,28,416,3,1,2,-1,0.03571428571428571,0.03571428571428571,32.5,30.95,34,3064,0.011096605744125326
onlineshoppers,Browser,108,28,402,2,1,1,-1,0.03571428571428572,0.03571428571428571,30.0,27.55,36,3124,0.011523687580025609
onlineshoppers,Browser,109,27,421,2,1,1,-1,0.03703703703703704,0.03703703703703704,31.0,30.842105263157894,35,3004,0.011651131824234355
onlineshoppers,Browser,110,28,428,3,1,1,-1,0.03571428571428571,0.035714285714285705,28.5,29.15,33,3006,0.010978043912175649
onlineshoppers,Browser,111,28,416,3,1,2,-1,0.03571428571428572,0.03571428571428571,32.0,30.454545454545453,34,3152,0.010786802030456852
onlineshoppers,Browser,112,28,394,3,1,2,-1,0.03571428571428571,0.03571428571428571,31.0,26.869565217391305,36,3164,0.011378002528445006
onlineshoppers,Browser,113,28,371,3,1,4,-1,0.03571428571428571,0.035714285714285705,26.0,26.263157894736842,34,2940,0.011564625850340135
onlineshoppers,Browser,114,28,419,3,1,1,-1,0.03571428571428571,0.03571428571428572,32.0,29.90909090909091,33,3096,0.01065891472868217
onlineshoppers,Browser,115,27,411,2,1,1,-1,0.03703703703703703,0.03703703703703704,32.0,30.904761904761905,37,3016,0.01226790450928382
onlineshoppers,Browser,116,28,393,3,1,2,-1,0.03571428571428572,0.035714285714285705,30.0,28.0,33,3140,0.010509554140127388
onlineshoppers,Browser,117,28,387,3,1,2,-1,0.03571428571428571,0.035714285714285705,24.0,24.105263157894736,37,2992,0.012366310160427808
onlineshoppers,Browser,118,28,403,3,1,2,-1,0.03571428571428571,0.03571428571428571,27.0,28.166666666666668,38,3040,0.0125
onlineshoppers,Browser,119,27,396,3,1,2,-1,0.037037037037037035,0.03703703703703704,29.0,27.666666666666668,38,3072,0.012369791666666666
onlineshoppers,Browser,120,28,409,2,1,1,-1,0.03571428571428571,0.03571428571428571,30.0,29.347826086956523,39,2938,0.01327433628318584
onlineshoppers,Browser,121,27,443,2,1,1,-1,0.037037037037037035,0.037037037037037035,33.0,31.565217391304348,40,3160,0.012658227848101266
onlineshoppers,Browser,122,27,401,3,1,3,-1,0.037037037037037035,0.037037037037037035,31.0,27.842105263157894,45,3196,0.014080100125156446
onlineshoppers,Browser,123,28,421,2,1,1,-1,0.035714285714285705,0.035714285714285705,28.0,28.608695652173914,34,3038,0.01119157340355497
onlineshoppers,Browser,124,28,412,3,1,2,-1,0.03571428571428571,0.03571428571428572,32.5,29.4,37,2982,0.012407780013413815
onlineshoppers,Browser,125,28,386,3,1,2,-1,0.03571428571428572,0.03571428571428571,29.0,24.38095238095238,36,3044,0.011826544021024968
onlineshoppers,Browser,126,28,393,3,1,2,-1,0.03571428571428571,0.03571428571428571,31.0,28.666666666666668,30,3086,0.009721322099805573
onlineshoppers,Browser,127,28,419,3,1,2,-1,0.035714285714285705,0.035714285714285705,31.0,28.304347826086957,35,3046,0.01149047931713723
onlineshoppers,Browser,128,28,396,3,1,2,-1,0.03571428571428571,0.035714285714285705,28.0,26.6,36,3084,0.011673151750972763
onlineshoppers,Browser,129,28,398,3,1,1,-1,0.03571428571428571,0.035714285714285705,30.0,28.652173913043477,37,3054,0.012115258677144728
onlineshoppers,Browser,130,28,423,3,1,1,-1,0.03571428571428571,0.035714285714285705,29.0,27.333333333333332,31,3102,0.009993552546744036
onlineshoppers,Browser,131,28,408,3,1,2,-1,0.03571428571428572,0.03571428571428571,27.5,27.772727272727273,37,3016,0.01226790450928382
onlineshoppers,Browser,132,28,403,3,1,2,-1,0.03571428571428571,0.03571428571428572,29.0,29.217391304347824,36,3070,0.011726384364820847
onlineshoppers,Browser,133,28,373,3,1,3,-1,0.03571428571428571,0.03571428571428571,27.0,26.666666666666668,35,3040,0.011513157894736841
onlineshoppers,Browser,134,28,407,2,1,1,-1,0.03571428571428571,0.03571428571428571,29.0,27.17391304347826,36,2988,0.012048192771084338
onlineshoppers,Browser,135,28,421,3,1,1,-1,0.03571428571428571,0.03571428571428571,32.0,30.08695652173913,33,2896,0.011395027624309393
onlineshoppers,Browser,136,27,370,3,1,3,-1,0.037037037037037035,0.03703703703703704,31.0,27.095238095238095,41,3016,0.013594164456233421
onlineshoppers,Browser,137,28,431,2,1,1,-1,0.035714285714285705,0.03571428571428573,31.5,29.59090909090909,33,3088,0.010686528497409326
onlineshoppers,Browser,138,28,447,3,1,1,-1,0.03571428571428572,0.03571428571428572,31.0,30.6,38,3032,0.012532981530343008
onlineshoppers,Browser,139,27,415,2,1,1,-1,0.03703703703703704,0.037037037037037035,29.5,28.8,33,3124,0.01056338028169014
onlineshoppers,Browser,140,27,459,2,1,1,-1,0.03703703703703704,0.03703703703703704,36.0,34.15,34,3122,0.010890454836643177
onlineshoppers,Browser,141,28,397,3,1,3,-1,0.03571428571428571,0.03571428571428571,31.0,28.714285714285715,38,3078,0.012345679012345678
onlineshoppers,Browser,142,26,389,3,1,1,-1,0.03846153846153846,0.038461538461538464,29.0,27.833333333333332,36,3078,0.011695906432748537
onlineshoppers,Browser,143,28,404,3,1,2,-1,0.03571428571428571,0.03571428571428572,29.0,27.434782608695652,31,2972,0.010430686406460296
onlineshoppers,Browser,144,28,409,2,1,1,-1,0.03571428571428571,0.03571428571428571,30.5,29.25,42,3096,0.013565891472868217
onlineshoppers,Browser,145,28,402,3,1,2,-1,0.0357142857142857,0.03571428571428571,31.5,28.40909090909091,32,3058,0.010464355788096796
onlineshoppers,Browser,146,28,421,3,1,2,-1,0.03571428571428571,0.03571428571428571,32.5,31.40909090909091,37,3048,0.012139107611548556
onlineshoppers,Browser,147,28,436,2,1,1,-1,0.03571428571428571,0.03571428571428572,30.0,29.217391304347824,33,3076,0.010728218465539662
onlineshoppers,Browser,148,27,386,2,1,1,-1,0.037037037037037035,0.037037037037037056,30.5,28.09090909090909,32,3004,0.010652463382157125
onlineshoppers,Browser,149,27,424,2,1,1,-1,0.037037037037037035,0.03703703703703703,36.0,32.166666666666664,33,3040,0.010855263157894738
onlineshoppers,Browser,150,28,436,2,1,1,-1,0.03571428571428571,0.03571428571428571,32.0,31.68421052631579,31,3140,0.009872611464968152
onlineshoppers,Browser,151,28,409,3,1,2,-1,0.03571428571428571,0.03571428571428571,31.0,28.80952380952381,34,2966,0.011463250168577209
onlineshoppers,Browser,152,27,424,2,1,1,-1,0.03703703703703703,0.03703703703703703,32.0,29.857142857142858,37,3004,0.012316910785619174
onlineshoppers,Browser,153,28,395,3,1,1,-1,0.03571428571428571,0.03571428571428572,28.5,27.59090909090909,34,3020,0.011258278145695364
onlineshoppers,Browser,154,27,404,3,1,2,-1,0.037037037037037035,0.03703703703703704,29.0,28.15,40,2996,0.01335113484646195
onlineshoppers,Browser,155,28,402,3,1,2,-1,0.035714285714285705,0.03571428571428571,27.0,26.285714285714285,33,3022,0.010919920582395765
onlineshoppers,Browser,156,27,365,3,1,2,-1,0.037037037037037035,0.03703703703703704,24.0,23.57894736842105,34,3148,0.010800508259212199
onlineshoppers,Browser,157,27,421,2,1,1,-1,0.03703703703703704,0.03703703703703704,32.0,29.705882352941178,34,3014,0.0112806901128069
onlineshoppers,Browser,158,27,384,3,1,2,-1,0.03703703703703704,0.03703703703703703,27.0,25.047619047619047,37,3034,0.012195121951219513
onlineshoppers,Browser,159,28,393,3,1,2,-1,0.03571428571428571,0.03571428571428571,23.5,24.27777777777778,34,3070,0.011074918566775244
onlineshoppers,Browser,160,28,401,3,1,2,-1,0.03571428571428571,0.03571428571428572,29.5,26.681818181818183,31,3100,0.01
onlineshoppers,Browser,161,27,448,2,1,1,-1,0.037037037037037035,0.037037037037037035,35.5,33.666666666666664,35,3064,0.011422976501305483
onlineshoppers,Browser,162,27,400,3,1,1,-1,0.03703703703703703,0.037037037037037056,28.0,27.476190476190474,34,3100,0.01096774193548387
onlineshoppers,Browser,163,28,393,3,1,3,-1,0.03571428571428571,0.03571428571428571,29.5,26.416666666666668,38,2978,0.012760241773002015
onlineshoppers,Browser,164,28,435,2,1,1,-1,0.03571428571428571,0.03571428571428571,29.0,30.105263157894736,34,3058,0.011118378024852845
onlineshoppers,Browser,165,28,398,3,1,2,-1,0.03571428571428572,0.03571428571428571,29.0,27.15,36,3012,0.01195219123505976
onlineshoppers,Browser,166,28,413,3,1,2,-1,0.03571428571428571,0.03571428571428571,31.5,28.3,36,3050,0.01180327868852459
onlineshoppers,Browser,167,27,421,2,1,1,-1,0.037037037037037035,0.03703703703703704,35.0,30.68421052631579,28,3110,0.0090032154340836
onlineshoppers,Browser,168,28,413,3,1,2,-1,0.03571428571428571,0.03571428571428571,31.0,29.272727272727273,31,2954,0.01049424509140149
onlineshoppers,Browser,169,28,430,2,1,1,-1,0.03571428571428572,0.03571428571428571,26.5,28.3,32,3056,0.010471204188481676
onlineshoppers,Browser,170,28,441,2,1,1,-1,0.03571428571428571,0.03571428571428571,28.0,28.666666666666668,35,3058,0.01144538914323087
onlineshoppers,Browser,171,28,409,3,1,2,-1,0.03571428571428571,0.03571428571428571,29.0,29.17391304347826,42,3026,0.013879709187045605
onlineshoppers,Browser,172,28,397,3,1,2,-1,0.03571428571428571,0.03571428571428571,30.0,28.333333333333332,31,3036,0.010210803689064558
onlineshoppers,Browser,173,28,386,3,1,1,-1,0.03571428571428571,0.03571428571428573,22.0,23.80952380952381,45,3032,0.014841688654353561
onlineshoppers,Browser,174,28,439,3,1,1,-1,0.03571428571428571,0.03571428571428572,34.0,31.17391304347826,39,3030,0.01287128712871287
onlineshoppers,Browser,175,28,427,2,1,1,-1,0.03571428571428571,0.03571428571428572,26.0,27.82608695652174,31,3056,0.010143979057591623
onlineshoppers,Browser,176,28,405,2,1,1,-1,0.03571428571428572,0.03571428571428572,26.0,27.82608695652174,34,3110,0.010932475884244373
onlineshoppers,Browser,177,28,374,4,1,2,-1,0.03571428571428571,0.03571428571428571,28.0,25.941176470588236,42,3080,0.013636363636363636
onlineshoppers,Browser,178,28,408,3,1,2,-1,0.03571428571428571,0.03571428571428572,30.0,27.96,36,3002,0.011992005329780146
onlineshoppers,Browser,179,28,370,3,1,2,-1,0.035714285714285705,0.03571428571428571,29.0,26.217391304347824,42,2898,0.014492753623188406
onlineshoppers,Browser,180,27,380,3,1,2,-1,0.037037037037037035,0.037037037037037035,30.0,26.952380952380953,38,3164,0.012010113780025285
onlineshoppers,Browser,181,28,409,3,1,3,-1,0.03571428571428571,0.03571428571428571,33.0,28.647058823529413,38,3052,0.012450851900393184
onlineshoppers,Browser,182,28,429,2,1,1,-1,0.03571428571428571,0.03571428571428571,33.0,30.347826086956523,33,3090,0.010679611650485437
onlineshoppers,Browser,183,28,396,3,1,3,-1,0.035714285714285705,0.03571428571428571,28.0,28.695652173913043,42,2912,0.014423076923076924
onlineshoppers,Browser,184,27,409,2,1,2,-1,0.03703703703703704,0.03703703703703704,29.5,28.545454545454547,32,3030,0.010561056105610561
onlineshoppers,Browser,185,27,378,3,1,2,-1,0.03703703703703703,0.03703703703703703,29.5,27.11111111111111,35,3022,0.01158173395102581
onlineshoppers,Browser,186,28,434,2,1,1,-1,0.03571428571428571,0.035714285714285705,34.5,31.916666666666668,42,3038,0.013824884792626729
onlineshoppers,Browser,187,27,396,3,1,2,-1,0.03703703703703704,0.037037037037037035,27.5,26.95,35,3040,0.011513157894736841
onlineshoppers,Browser,188,28,398,2,1,1,-1,0.03571428571428572,0.03571428571428572,32.0,27.19047619047619,33,3106,0.010624597553122988
onlineshoppers,Browser,189,28,387,3,1,2,-1,0.03571428571428572,0.03571428571428571,31.0,27.0,42,2934,0.014314928425357873
onlineshoppers,Browser,190,28,381,3,1,2,-1,0.03571428571428571,0.035714285714285705,23.5,25.25,42,3062,0.013716525146962769
onlineshoppers,Browser,191,27,388,3,1,2,-1,0.03703703703703704,0.03703703703703704,28.0,26.476190476190474,36,3134,0.01148691767708998
onlineshoppers,Browser,192,28,415,2,1,1,-1,0.035714285714285705,0.03571428571428571,34.0,30.363636363636363,33,2936,0.011239782016348773
onlineshoppers,Browser,193,28,397,3,1,1,-1,0.03571428571428571,0.03571428571428572,28.5,27.136363636363637,35,2998,0.011674449633088725
onlineshoppers,Browser,194,28,426,2,1,1,-1,0.03571428571428571,0.03571428571428571,31.0,29.0,37,3110,0.011897106109324759
onlineshoppers,Browser,195,28,374,3,1,3,-1,0.03571428571428571,0.03571428571428571,29.0,25.782608695652176,38,3186,0.011927181418706842
onlineshoppers,Browser,196,28,409,3,1,2,-1,0.035714285714285705,0.03571428571428571,30.0,28.571428571428573,30,3040,0.009868421052631578
onlineshoppers,Browser,197,28,386,2,1,1,-1,0.03571428571428572,0.035714285714285705,28.0,26.142857142857142,37,2986,0.012391158740790355
onlineshoppers,Browser,198,28,404,3,1,2,-1,0.03571428571428572,0.03571428571428571,30.0,28.272727272727273,38,3012,0.012616201859229747
onlineshoppers,Browser,199,28,409,3,1,3,-1,0.03571428571428572,0.03571428571428571,27.0,26.869565217391305,37,2980,0.012416107382550336
onlineshoppers,Browser,200,27,406,2,1,1,-1,0.03703703703703704,0.037037037037037035,29.5,28.9,37,3016,0.01226790450928382
onlineshoppers,Browser,201,28,427,2,1,1,-1,0.03571428571428572,0.03571428571428571,32.0,29.0,43,3048,0.01410761154855643
onlineshoppers,Browser,202,27,377,3,1,2,-1,0.037037037037037035,0.03703703703703704,32.0,27.714285714285715,40,3026,0.013218770654329148
onlineshoppers,Browser,203,28,429,3,1,1,-1,0.03571428571428571,0.03571428571428572,33.0,30.210526315789473,33,3032,0.010883905013192613
onlineshoppers,Browser,204,28,404,2,1,2,-1,0.035714285714285705,0.03571428571428571,32.0,28.61904761904762,35,3100,0.01129032258064516
onlineshoppers,Browser,205,28,384,3,1,1,-1,0.03571428571428571,0.03571428571428571,29.5,26.75,36,3074,0.011711125569290826
onlineshoppers,Browser,206,28,443,3,1,1,-1,0.035714285714285705,0.03571428571428572,33.0,30.45,32,3006,0.010645375914836993
onlineshoppers,Browser,207,27,407,3,1,1,-1,0.037037037037037035,0.037037037037037035,29.5,28.8,36,2916,0.012345679012345678
onlineshoppers,Browser,208,28,408,3,1,1,-1,0.03571428571428571,0.03571428571428572,32.0,28.666666666666668,43,3114,0.013808606294155427
onlineshoppers,Browser,209,28,432,3,1,2,-1,0.035714285714285705,0.03571428571428571,27.0,27.57894736842105,41,2984,0.013739946380697051
onlineshoppers,Browser,210,28,405,3,1,1,-1,0.03571428571428571,0.03571428571428572,29.0,28.263157894736842,34,2970,0.011447811447811448
onlineshoppers,Browser,211,28,444,2,1,1,-1,0.03571428571428572,0.035714285714285705,32.0,31.454545454545453,34,2978,0.011417058428475487
onlineshoppers,Browser,212,27,375,3,1,2,-1,0.03703703703703703,0.03703703703703703,27.5,26.0,41,3174,0.0129174543163201
onlineshoppers,Browser,213,28,413,3,1,3,-1,0.03571428571428571,0.03571428571428571,29.5,28.272727272727273,32,3078,0.010396361273554255
onlineshoppers,Browser,214,28,423,3,1,1,-1,0.03571428571428571,0.03571428571428572,29.0,30.523809523809526,37,3010,0.01229235880398671
onlineshoppers,Browser,215,28,391,3,1,1,-1,0.03571428571428571,0.03571428571428571,30.0,26.782608695652176,33,3072,0.0107421875
onlineshoppers,Browser,216,27,418,2,1,2,-1,0.03703703703703703,0.03703703703703704,28.0,27.36842105263158,34,3136,0.010841836734693877
onlineshoppers,Browser,217,28,393,3,1,3,-1,0.03571428571428571,0.03571428571428571,28.0,26.391304347826086,40,3022,0.013236267372600927
onlineshoppers,Browser,218,27,379,2,1,1,-1,0.037037037037037035,0.037037037037037035,27.0,26.272727272727273,34,2952,0.011517615176151762
onlineshoppers,Browser,219,28,392,3,1,1,-1,0.03571428571428571,0.03571428571428571,26.5,26.5,40,2988,0.013386880856760375
onlineshoppers,Browser,220,28,426,3,1,2,-1,0.03571428571428572,0.03571428571428572,31.0,28.142857142857142,28,3170,0.008832807570977918
onlineshoppers,Browser,221,28,393,3,1,1,-1,0.03571428571428571,0.035714285714285705,28.0,25.40909090909091,34,3074,0.011060507482108002
onlineshoppers,Browser,222,28,394,3,1,1,-1,0.03571428571428572,0.03571428571428571,26.0,25.61904761904762,44,3042,0.014464168310322156
onlineshoppers,Browser,223,27,395,3,1,2,-1,0.03703703703703704,0.03703703703703703,33.0,29.047619047619047,36,3042,0.011834319526627219
onlineshoppers,Browser,224,28,396,3,1,2,-1,0.03571428571428572,0.035714285714285705,30.5,28.11111111111111,37,3068,0.012059973924380704
onlineshoppers,Browser,225,28,391,3,1,2,-1,0.03571428571428572,0.03571428571428572,33.0,28.75,33,2980,0.011073825503355705
onlineshoppers,Browser,226,27,410,3,1,1,-1,0.037037037037037035,0.037037037037037035,30.0,28.904761904761905,30,2974,0.010087424344317418
onlineshoppers,Browser,227,26,381,3,1,2,-1,0.03846153846153846,0.03846153846153847,29.0,25.72222222222222,37,3156,0.011723700887198986
onlineshoppers,Browser,228,28,396,3,1,2,-1,0.035714285714285705,0.03571428571428571,29.5,26.05,30,2996,0.010013351134846462
onlineshoppers,Browser,229,28,420,3,1,1,-1,0.03571428571428571,0.035714285714285705,32.5,29.727272727272727,42,3030,0.013861386138613862
onlineshoppers,Browser,230,28,425,2,1,1,-1,0.03571428571428571,0.03571428571428571,28.0,28.666666666666668,38,3162,0.012017710309930424
onlineshoppers,Browser,231,28,424,2,1,1,-1,0.03571428571428571,0.03571428571428571,30.0,28.473684210526315,41,3122,0.01313260730301089
onlineshoppers,Browser,232,27,388,3,1,2,-1,0.037037037037037035,0.037037037037037035,22.0,24.0,30,3106,0.009658725048293626
onlineshoppers,Browser,233,28,399,3,1,3,-1,0.03571428571428572,0.03571428571428572,26.5,26.09090909090909,40,2988,0.013386880856760375
onlineshoppers,Browser,234,28,401,3,1,2,-1,0.035714285714285705,0.03571428571428571,28.5,27.15,35,3136,0.011160714285714286
onlineshoppers,Browser,235,27,407,2,1,1,-1,0.037037037037037035,0.03703703703703704,31.0,29.956521739130434,35,2954,0.011848341232227487
onlineshoppers,Browser,236,27,410,3,1,2,-1,0.03703703703703704,0.037037037037037035,29.5,29.227272727272727,38,3120,0.01217948717948718
onlineshoppers,Browser,237,28,419,2,1,1,-1,0.035714285714285705,0.03571428571428571,31.5,29.90909090909091,39,3200,0.0121875
onlineshoppers,Browser,238,27,388,3,1,2,-1,0.037037037037037035,0.037037037037037035,27.5,26.25,37,3014,0.01227604512276045
onlineshoppers,Browser,239,27,448,2,1,1,-1,0.037037037037037035,0.03703703703703703,32.0,31.523809523809526,34,3010,0.011295681063122924
onlineshoppers,Browser,240,28,398,3,1,1,-1,0.03571428571428571,0.03571428571428572,29.5,26.727272727272727,37,2990,0.012374581939799331
onlineshoppers,Browser,241,28,432,2,1,1,-1,0.035714285714285705,0.03571428571428572,33.0,29.565217391304348,32,2938,0.010891763104152484
onlineshoppers,Browser,242,28,407,2,1,1,-1,0.03571428571428571,0.03571428571428573,34.0,30.238095238095237,38,2972,0.01278600269179004
onlineshoppers,Browser,243,28,413,3,1,2,-1,0.035714285714285705,0.03571428571428572,29.0,27.391304347826086,34,3182,0.010685103708359522
onlineshoppers,Browser,244,28,402,3,1,2,-1,0.03571428571428571,0.03571428571428571,31.0,28.666666666666668,38,3006,0.012641383898868928
onlineshoppers,Browser,245,28,413,3,1,1,-1,0.03571428571428572,0.035714285714285705,32.0,29.571428571428573,39,2918,0.013365318711446196
onlineshoppers,Browser,246,28,411,3,1,1,-1,0.035714285714285705,0.03571428571428572,28.0,27.904761904761905,34,3114,0.010918432883750802
onlineshoppers,Browser,247,28,431,2,1,1,-1,0.03571428571428571,0.03571428571428571,31.0,29.681818181818183,37,3112,0.011889460154241645
onlineshoppers,Browser,248,27,404,2,1,1,-1,0.03703703703703704,0.03703703703703703,33.0,29.9,37,3038,0.012179065174456879
onlineshoppers,Browser,249,27,392,3,1,3,-1,0.03703703703703704,0.037037037037037035,27.5,27.0,36,3038,0.01184990125082291
onlineshoppers,Browser,250,27,383,3,1,2,-1,0.037037037037037035,0.037037037037037035,31.5,27.954545454545453,36,3024,0.011904761904761904
onlineshoppers,Browser,251,27,395,3,1,2,-1,0.037037037037037035,0.037037037037037056,31.0,29.26086956521739,37,3050,0.012131147540983607
onlineshoppers,Browser,252,27,429,2,1,1,-1,0.037037037037037035,0.037037037037037035,31.0,29.941176470588236,36,3140,0.011464968152866241
onlineshoppers,Browser,253,27,395,2,1,2,-1,0.037037037037037035,0.037037037037037035,31.5,29.09090909090909,38,3164,0.012010113780025285
onlineshoppers,Browser,254,28,417,2,1,1,-1,0.03571428571428571,0.03571428571428571,32.0,29.08695652173913,34,3090,0.011003236245954692
onlineshoppers,Browser,255,27,410,3,1,2,-1,0.037037037037037035,0.037037037037037035,31.0,29.043478260869566,42,3074,0.013662979830839297
onlineshoppers,Browser,256,27,366,3,1,2,-1,0.03703703703703704,0.037037037037037035,22.0,23.63157894736842,34,3076,0.011053315994798439
onlineshoppers,Browser,257,28,389,3,1,1,-1,0.03571428571428572,0.03571428571428571,29.0,27.82608695652174,32,3038,0.01053324555628703
onlineshoppers,Browser,258,28,399,3,1,2,-1,0.03571428571428572,0.035714285714285705,29.0,26.476190476190474,39,3116,0.01251604621309371
onlineshoppers,Browser,259,28,405,3,1,2,-1,0.03571428571428571,0.03571428571428571,27.0,26.217391304347824,32,3092,0.01034928848641656
onlineshoppers,Browser,260,28,420,2,1,1,-1,0.03571428571428571,0.03571428571428571,31.0,30.869565217391305,30,3046,0.00984898227183191
onlineshoppers,Browser,261,27,386,2,1,1,-1,0.03703703703703703,0.03703703703703704,31.5,28.555555555555557,29,3044,0.009526938239159002
onlineshoppers,Browser,262,28,399,3,1,2,-1,0.03571428571428571,0.03571428571428572,25.0,26.0,41,3060,0.013398692810457516
onlineshoppers,Browser,263,27,397,3,1,3,-1,0.037037037037037035,0.03703703703703704,32.0,28.40909090909091,43,3128,0.013746803069053709
onlineshoppers,Browser,264,28,403,2,1,2,-1,0.03571428571428571,0.03571428571428572,32.0,28.428571428571427,40,3062,0.013063357282821686
onlineshoppers,Browser,265,27,387,3,1,2,-1,0.03703703703703704,0.037037037037037035,27.0,26.333333333333332,34,3076,0.011053315994798439
onlineshoppers,Browser,266,28,405,3,1,3,-1,0.03571428571428571,0.03571428571428571,32.0,28.333333333333332,35,3058,0.01144538914323087
onlineshoppers,Browser,267,27,387,3,1,2,-1,0.037037037037037035,0.037037037037037035,27.0,26.761904761904763,38,3104,0.012242268041237113
onlineshoppers,Browser,268,28,379,3,1,2,-1,0.035714285714285705,0.03571428571428571,27.0,26.15,35,2928,0.011953551912568305
onlineshoppers,Browser,269,28,386,3,1,2,-1,0.03571428571428573,0.03571428571428571,24.5,25.55,40,3018,0.013253810470510271
onlineshoppers,Browser,270,28,407,3,1,2,-1,0.035714285714285705,0.03571428571428571,27.0,26.136363636363637,46,3038,0.015141540487162607
onlineshoppers,Browser,271,28,421,2,1,1,-1,0.03571428571428569,0.03571428571428571,31.5,28.3,37,2976,0.01243279569892473
onlineshoppers,Browser,272,27,391,2,1,1,-1,0.037037037037037035,0.03703703703703704,24.0,25.294117647058822,50,3136,0.01594387755102041
onlineshoppers,Browser,273,28,416,2,1,1,-1,0.03571428571428571,0.03571428571428571,28.5,28.541666666666668,34,3132,0.010855683269476373
onlineshoppers,Browser,274,28,378,3,1,1,-1,0.03571428571428571,0.03571428571428572,20.5,23.27777777777778,36,3084,0.011673151750972763
onlineshoppers,Browser,275,27,412,2,1,1,-1,0.03703703703703703,0.037037037037037035,31.5,29.636363636363637,37,2974,0.012441156691324815
onlineshoppers,Browser,276,27,394,3,1,1,-1,0.03703703703703703,0.03703703703703704,26.5,26.4,37,3124,0.011843790012804098
onlineshoppers,Browser,277,28,398,3,1,2,-1,0.03571428571428571,0.03571428571428571,28.5,27.318181818181817,43,3120,0.013782051282051282
onlineshoppers,Browser,278,28,410,3,1,1,-1,0.03571428571428572,0.03571428571428572,31.5,28.75,38,3032,0.012532981530343008
onlineshoppers,Browser,279,26,374,3,1,2,-1,0.03846153846153846,0.03846153846153845,27.0,26.789473684210527,37,3038,0.012179065174456879
onlineshoppers,Browser,280,28,336,3,1,2,-1,0.03571428571428571,0.03571428571428572,22.0,23.19047619047619,42,3026,0.013879709187045605
onlineshoppers,Browser,281,27,395,3,1,2,-1,0.037037037037037035,0.03703703703703704,26.5,26.8,38,3050,0.012459016393442624
onlineshoppers,Browser,282,28,411,2,1,2,-1,0.03571428571428571,0.03571428571428571,28.0,27.782608695652176,34,3026,0.011235955056179775
onlineshoppers,Browser,283,26,410,3,1,2,-1,0.038461538461538464,0.038461538461538464,31.0,30.333333333333332,35,3068,0.011408083441981747
onlineshoppers,Browser,284,27,403,2,1,1,-1,0.037037037037037035,0.037037037037037035,33.5,29.45,35,2894,0.012093987560469938
onlineshoppers,Browser,285,27,420,3,1,2,-1,0.037037037037037035,0.037037037037037035,32.0,29.25,37,3132,0.01181353767560664
onlineshoppers,Browser,286,27,393,3,1,2,-1,0.037037037037037035,0.03703703703703703,30.0,28.363636363636363,46,2948,0.015603799185888738
onlineshoppers,Browser,287,28,390,3,1,2,-1,0.03571428571428571,0.03571428571428571,26.0,25.9,34,3116,0.010911424903722721
onlineshoppers,Browser,288,27,396,3,1,1,-1,0.03703703703703704,0.03703703703703703,32.0,27.666666666666668,39,3102,0.012572533849129593
onlineshoppers,Browser,289,27,421,2,1,1,-1,0.037037037037037035,0.03703703703703704,31.0,29.4,33,2976,0.011088709677419355
onlineshoppers,Browser,290,28,396,3,1,2,-1,0.035714285714285705,0.03571428571428571,27.0,26.0,34,3068,0.01108213820078227
onlineshoppers,Browser,291,27,417,2,1,1,-1,0.037037037037037035,0.037037037037037035,31.0,30.333333333333332,37,3092,0.011966364812419146
onlineshoppers,Browser,292,28,433,3,1,1,-1,0.03571428571428572,0.03571428571428571,35.0,31.59090909090909,36,3160,0.01139240506329114
onlineshoppers,Browser,293,27,398,3,1,2,-1,0.03703703703703703,0.03703703703703703,30.5,27.5,43,3010,0.014285714285714285
onlineshoppers,Browser,294,27,404,2,1,1,-1,0.037037037037037035,0.037037037037037035,31.0,28.047619047619047,34,3042,0.011176857330703484
onlineshoppers,Browser,295,28,396,3,1,1,-1,0.03571428571428571,0.03571428571428571,27.0,27.608695652173914,39,3006,0.012974051896207584
onlineshoppers,Browser,296,28,419,3,1,2,-1,0.03571428571428571,0.03571428571428571,32.0,30.210526315789473,32,3034,0.01054713249835201
onlineshoppers,Browser,297,27,416,2,1,1,-1,0.037037037037037035,0.03703703703703704,32.0,30.454545454545453,37,2918,0.012679917751884852
onlineshoppers,Browser,298,28,385,3,1,2,-1,0.03571428571428571,0.035714285714285705,32.5,28.045454545454547,36,2998,0.01200800533689126
onlineshoppers,Browser,299,27,404,3,1,1,-1,0.037037037037037035,0.03703703703703703,32.5,29.055555555555557,39,3044,0.012812089356110381
onlineshoppers,Region,0,28,420,2,1,1,-1,0.035714285714285705,0.03571428571428572,33.0,30.863636363636363,44,3018,0.0145791915175613
onlineshoppers,Region,1,27,396,3,1,2,-1,0.037037037037037035,0.037037037037037035,28.0,27.36842105263158,36,3140,0.011464968152866241
onlineshoppers,Region,2,28,417,3,1,1,-1,0.03571428571428571,0.03571428571428572,27.0,26.80952380952381,35,3134,0.011167836630504148
onlineshoppers,Region,3,28,409,3,1,2,-1,0.03571428571428571,0.03571428571428572,30.5,28.458333333333332,38,3044,0.012483574244415242
onlineshoppers,Region,4,28,429,3,1,1,-1,0.03571428571428571,0.03571428571428572,29.0,28.571428571428573,35,3014,0.011612475116124751
onlineshoppers,Region,5,27,423,2,1,1,-1,0.03703703703703704,0.037037037037037035,31.0,29.529411764705884,32,3232,0.009900990099009901
onlineshoppers,Region,6,28,386,3,1,1,-1,0.035714285714285705,0.03571428571428571,28.0,24.047619047619047,37,2966,0.012474713418745786
onlineshoppers,Region,7,28,401,3,1,2,-1,0.03571428571428571,0.03571428571428572,29.0,26.130434782608695,33,3044,0.010840998685939553
onlineshoppers,Region,8,28,403,3,1,1,-1,0.03571428571428571,0.03571428571428571,27.5,27.444444444444443,37,2978,0.012424445936870383
onlineshoppers,Region,9,28,420,2,1,1,-1,0.03571428571428571,0.03571428571428571,33.0,29.954545454545453,34,3002,0.011325782811459028
onlineshoppers,Region,10,28,459,2,1,1,-1,0.03571428571428571,0.03571428571428571,30.5,31.227272727272727,32,2932,0.010914051841746248
onlineshoppers,Region,11,28,371,3,1,1,-1,0.03571428571428571,0.03571428571428571,21.5,23.772727272727273,46,3108,0.014800514800514801
onlineshoppers,Region,12,28,409,2,1,1,-1,0.03571428571428571,0.03571428571428571,26.5,27.8,34,3070,0.011074918566775244
onlineshoppers,Region,13,28,413,3,1,2,-1,0.03571428571428572,0.03571428571428571,33.0,29.434782608695652,37,3136,0.011798469387755101
onlineshoppers,Region,14,27,397,3,1,3,-1,0.03703703703703703,0.037037037037037035,30.0,27.789473684210527,40,3044,0.013140604467805518
onlineshoppers,Region,15,27,387,3,1,2,-1,0.037037037037037035,0.03703703703703704,30.0,27.6,38,2958,0.012846517917511832
onlineshoppers,Region,16,28,417,2,1,1,-1,0.03571428571428572,0.03571428571428572,30.0,28.761904761904763,32,3030,0.010561056105610561
onlineshoppers,Region,17,28,397,2,1,1,-1,0.03571428571428572,0.03571428571428571,26.0,26.541666666666668,36,2986,0.012056262558606833
onlineshoppers,Region,18,27,412,2,1,1,-1,0.037037037037037035,0.037037037037037035,34.0,30.608695652173914,39,3010,0.012956810631229236
onlineshoppers,Region,19,28,419,3,1,2,-1,0.03571428571428571,0.03571428571428571,30.0,27.88888888888889,47,2978,0.0157824042981867
onlineshoppers,Region,20,27,396,3,1,1,-1,0.037037037037037035,0.03703703703703702,29.5,27.8,45,2988,0.015060240963855422
onlineshoppers,Region,21,28,409,3,1,1,-1,0.03571428571428572,0.03571428571428572,37.5,32.5,33,3028,0.010898282694848084
onlineshoppers,Region,22,28,414,3,1,2,-1,0.035714285714285705,0.03571428571428572,31.5,29.0,37,3086,0.011989630589760207
onlineshoppers,Region,23,28,408,3,1,1,-1,0.03571428571428571,0.03571428571428571,28.0,25.666666666666668,33,3066,0.010763209393346379
onlineshoppers,Region,24,26,367,3,1,3,-1,0.038461538461538464,0.03846153846153845,31.0,27.391304347826086,33,3008,0.010970744680851064
onlineshoppers,Region,25,28,380,3,1,2,-1,0.03571428571428571,0.03571428571428571,30.0,26.952380952380953,37,3040,0.012171052631578947
onlineshoppers,Region,26,28,363,3,1,2,-1,0.03571428571428571,0.03571428571428571,29.0,25.8,43,3008,0.014295212765957447
onlineshoppers,Region,27,28,394,3,1,1,-1,0.03571428571428571,0.03571428571428572,28.5,25.545454545454547,44,3048,0.014435695538057743
onlineshoppers,Region,28,28,403,3,1,3,-1,0.03571428571428571,0.03571428571428571,29.0,28.666666666666668,34,2990,0.01137123745819398
onlineshoppers,Region,29,28,399,3,1,2,-1,0.03571428571428571,0.03571428571428571,34.0,30.428571428571427,40,2972,0.013458950201884253
onlineshoppers,Region,30,28,386,3,1,1,-1,0.03571428571428572,0.03571428571428572,26.0,26.94736842105263,33,3044,0.010840998685939553
onlineshoppers,Region,31,28,444,2,1,1,-1,0.03571428571428572,0.035714285714285705,30.5,31.772727272727273,37,3014,0.01227604512276045
onlineshoppers,Region,32,28,437,2,1,1,-1,0.03571428571428571,0.03571428571428572,29.5,28.5,30,3016,0.009946949602122016
onlineshoppers,Region,33,28,423,2,1,1,-1,0.03571428571428572,0.03571428571428571,30.0,30.0,30,3004,0.009986684420772303
onlineshoppers,Region,34,28,435,3,1,1,-1,0.03571428571428572,0.03571428571428572,34.5,30.454545454545453,39,3062,0.012736773350751143
onlineshoppers,Region,35,28,439,2,1,1,-1,0.03571428571428571,0.03571428571428571,33.0,31.52173913043478,31,3066,0.010110893672537508
onlineshoppers,Region,36,28,441,2,1,1,-1,0.03571428571428571,0.03571428571428572,30.0,29.571428571428573,37,3118,0.011866581141757537
onlineshoppers,Region,37,28,410,3,1,2,-1,0.03571428571428571,0.03571428571428571,26.5,26.1,38,2990,0.012709030100334449
onlineshoppers,Region,38,28,386,3,1,2,-1,0.03571428571428572,0.03571428571428572,24.5,26.11111111111111,38,2948,0.012890094979647219
onlineshoppers,Region,39,28,407,2,1,1,-1,0.03571428571428571,0.03571428571428572,31.0,28.272727272727273,37,3052,0.012123197903014417
onlineshoppers,Region,40,28,421,3,1,2,-1,0.03571428571428571,0.03571428571428572,31.5,28.681818181818183,29,2956,0.009810554803788904
onlineshoppers,Region,41,28,459,2,1,1,-1,0.035714285714285705,0.03571428571428571,31.5,31.583333333333332,32,3086,0.010369410239792612
onlineshoppers,Region,42,28,399,3,1,2,-1,0.03571428571428572,0.03571428571428571,28.5,25.772727272727273,39,3088,0.012629533678756476
onlineshoppers,Region,43,28,421,2,1,1,-1,0.03571428571428572,0.03571428571428571,29.0,27.90909090909091,35,3048,0.011482939632545932
onlineshoppers,Region,44,28,419,3,1,2,-1,0.035714285714285705,0.03571428571428571,31.0,28.52173913043478,33,3042,0.010848126232741617
onlineshoppers,Region,45,28,425,3,1,1,-1,0.03571428571428571,0.03571428571428572,31.0,29.22222222222222,30,3056,0.00981675392670157
onlineshoppers,Region,46,28,400,3,1,2,-1,0.03571428571428571,0.03571428571428571,32.0,28.708333333333332,29,2922,0.009924709103353867
onlineshoppers,Region,47,28,420,3,1,1,-1,0.03571428571428571,0.03571428571428571,31.0,27.73913043478261,35,3012,0.011620185922974768
onlineshoppers,Region,48,28,423,2,1,1,-1,0.03571428571428571,0.03571428571428571,28.0,29.095238095238095,35,2876,0.012169680111265646
onlineshoppers,Region,49,28,366,3,1,2,-1,0.035714285714285705,0.03571428571428571,31.0,26.476190476190474,37,3070,0.012052117263843648
onlineshoppers,Region,50,28,407,3,1,1,-1,0.03571428571428571,0.03571428571428571,33.0,29.782608695652176,33,3060,0.010784313725490196
onlineshoppers,Region,51,28,402,3,1,1,-1,0.03571428571428571,0.03571428571428571,30.0,27.105263157894736,31,3044,0.010183968462549276
onlineshoppers,Region,52,28,409,3,1,1,-1,0.03571428571428571,0.03571428571428572,29.0,26.857142857142858,40,3078,0.01299545159194282
onlineshoppers,Region,53,28,408,3,1,1,-1,0.03571428571428573,0.035714285714285705,31.0,29.0,33,3072,0.0107421875
onlineshoppers,Region,54,28,428,2,1,1,-1,0.03571428571428571,0.035714285714285705,31.5,30.708333333333332,38,3048,0.012467191601049869
onlineshoppers,Region,55,28,401,3,1,2,-1,0.03571428571428572,0.03571428571428571,28.5,27.444444444444443,36,3102,0.01160541586073501
onlineshoppers,Region,56,28,384,3,1,2,-1,0.03571428571428572,0.03571428571428571,23.5,24.363636363636363,34,3030,0.011221122112211221
onlineshoppers,Region,57,28,385,3,1,2,-1,0.03571428571428572,0.03571428571428572,24.5,25.416666666666668,47,3014,0.015593895155938951
onlineshoppers,Region,58,28,385,3,1,2,-1,0.03571428571428572,0.03571428571428571,32.5,28.727272727272727,39,3068,0.012711864406779662
onlineshoppers,Region,59,28,398,3,1,1,-1,0.03571428571428571,0.03571428571428572,29.5,27.25,39,3054,0.012770137524557957
onlineshoppers,Region,60,27,409,3,1,2,-1,0.037037037037037035,0.037037037037037035,30.0,29.5,39,3010,0.012956810631229236
onlineshoppers,Region,61,27,373,3,1,2,-1,0.037037037037037035,0.03703703703703704,27.0,26.0,37,3084,0.011997405966277562
onlineshoppers,Region,62,27,396,3,1,2,-1,0.037037037037037035,0.037037037037037035,32.0,28.347826086956523,34,3032,0.011213720316622692
onlineshoppers,Region,63,28,403,2,1,1,-1,0.03571428571428571,0.03571428571428571,26.0,26.7,40,2946,0.013577732518669382
onlineshoppers,Region,64,28,414,2,1,1,-1,0.03571428571428572,0.035714285714285705,29.5,28.95,38,2936,0.012942779291553134
onlineshoppers,Region,65,28,440,2,1,1,-1,0.03571428571428571,0.03571428571428571,31.0,29.68421052631579,34,3214,0.010578718108276292
onlineshoppers,Region,66,28,430,2,1,1,-1,0.03571428571428572,0.03571428571428572,31.5,29.0,41,3068,0.013363754889178618
onlineshoppers,Region,67,28,409,3,1,2,-1,0.03571428571428572,0.03571428571428571,27.5,27.272727272727273,36,3026,0.011896893588896233
onlineshoppers,Region,68,28,389,3,1,1,-1,0.03571428571428571,0.03571428571428571,26.0,24.818181818181817,41,3040,0.013486842105263158
onlineshoppers,Region,69,28,408,3,1,2,-1,0.03571428571428571,0.035714285714285705,26.5,26.818181818181817,34,3098,0.010974822466107165
onlineshoppers,Region,70,28,426,3,1,2,-1,0.035714285714285705,0.03571428571428572,31.0,29.714285714285715,32,3078,0.010396361273554255
onlineshoppers,Region,71,28,402,2,1,1,-1,0.03571428571428571,0.03571428571428572,23.0,25.40909090909091,40,3014,0.013271400132714002
onlineshoppers,Region,72,28,423,3,1,2,-1,0.03571428571428571,0.03571428571428572,30.0,28.473684210526315,33,3024,0.010912698412698412
onlineshoppers,Region,73,28,420,3,1,1,-1,0.03571428571428571,0.03571428571428572,31.5,29.136363636363637,35,3034,0.011535926170072512
onlineshoppers,Region,74,28,399,3,1,3,-1,0.03571428571428571,0.03571428571428571,33.0,27.944444444444443,31,3110,0.009967845659163987
onlineshoppers,Region,75,28,417,2,1,1,-1,0.03571428571428571,0.03571428571428571,30.0,28.0,36,3062,0.011757021554539516
onlineshoppers,Region,76,28,419,3,1,1,-1,0.03571428571428572,0.03571428571428571,31.5,28.09090909090909,40,3022,0.013236267372600927
onlineshoppers,Region,77,28,390,3,1,2,-1,0.03571428571428571,0.03571428571428571,31.0,29.333333333333332,33,3136,0.010522959183673469
onlineshoppers,Region,78,28,422,2,1,1,-1,0.035714285714285705,0.03571428571428571,31.0,28.8,35,2938,0.011912865895166781
onlineshoppers,Region,79,28,408,3,1,1,-1,0.03571428571428572,0.035714285714285705,31.5,28.227272727272727,37,3060,0.012091503267973857
onlineshoppers,Region,80,28,400,2,1,1,-1,0.03571428571428572,0.03571428571428571,31.0,28.8,38,2964,0.01282051282051282
onlineshoppers,Region,81,27,388,2,1,1,-1,0.037037037037037035,0.03703703703703704,29.0,27.736842105263158,39,2942,0.013256288239292998
onlineshoppers,Region,82,28,399,2,1,1,-1,0.03571428571428571,0.03571428571428571,29.0,27.17391304347826,43,3020,0.01423841059602649
onlineshoppers,Region,83,27,430,2,1,1,-1,0.037037037037037035,0.03703703703703703,32.0,30.42105263157895,31,3150,0.009841269841269842
onlineshoppers,Region,84,28,430,3,1,2,-1,0.035714285714285705,0.03571428571428572,32.5,29.375,35,3022,0.01158173395102581
onlineshoppers,Region,85,27,400,3,1,3,-1,0.037037037037037035,0.037037037037037035,33.0,28.523809523809526,41,3032,0.013522427440633245
onlineshoppers,Region,86,28,388,3,1,1,-1,0.03571428571428571,0.03571428571428572,25.5,26.181818181818183,37,2948,0.012550881953867029
onlineshoppers,Region,87,28,387,3,1,2,-1,0.03571428571428571,0.03571428571428572,30.0,27.6,31,3006,0.010312707917498337
onlineshoppers,Region,88,28,388,2,1,2,-1,0.03571428571428571,0.03571428571428572,26.0,25.1,34,3012,0.011288180610889775
onlineshoppers,Region,89,28,397,3,1,1,-1,0.03571428571428572,0.03571428571428571,28.0,26.19047619047619,27,2930,0.009215017064846417
onlineshoppers,Region,90,28,383,3,1,2,-1,0.03571428571428571,0.03571428571428571,30.0,28.375,33,2988,0.01104417670682731
onlineshoppers,Region,91,28,374,3,1,1,-1,0.03571428571428572,0.03571428571428572,30.0,26.17391304347826,34,3148,0.010800508259212199
onlineshoppers,Region,92,27,415,3,1,2,-1,0.037037037037037035,0.037037037037037035,27.5,27.88888888888889,34,3018,0.01126573889993373
onlineshoppers,Region,93,28,397,2,1,2,-1,0.03571428571428571,0.03571428571428571,31.5,29.416666666666668,36,3002,0.011992005329780146
onlineshoppers,Region,94,28,404,3,1,1,-1,0.03571428571428573,0.03571428571428571,30.0,29.842105263157894,32,3104,0.010309278350515464
onlineshoppers,Region,95,28,412,3,1,1,-1,0.03571428571428572,0.03571428571428572,30.0,28.904761904761905,29,3024,0.00958994708994709
onlineshoppers,Region,96,28,383,3,1,1,-1,0.03571428571428571,0.03571428571428571,28.0,25.85,35,3018,0.011597084161696488
onlineshoppers,Region,97,27,381,3,1,2,-1,0.037037037037037056,0.037037037037037035,29.0,26.42105263157895,35,3046,0.01149047931713723
onlineshoppers,Region,98,28,437,2,1,1,-1,0.03571428571428571,0.03571428571428571,33.5,30.818181818181817,37,3150,0.011746031746031746
onlineshoppers,Region,99,28,425,3,1,1,-1,0.03571428571428571,0.03571428571428571,29.5,28.727272727272727,32,3008,0.010638297872340425
onlineshoppers,Region,100,28,395,3,1,2,-1,0.03571428571428572,0.03571428571428572,30.5,26.40909090909091,38,3016,0.012599469496021221
onlineshoppers,Region,101,27,390,3,1,2,-1,0.037037037037037035,0.03703703703703704,27.0,26.842105263157894,38,2952,0.012872628726287264
onlineshoppers,Region,102,28,407,3,1,1,-1,0.03571428571428572,0.03571428571428571,33.0,30.1,34,3022,0.011250827266710787
onlineshoppers,Region,103,28,380,3,1,4,-1,0.03571428571428571,0.03571428571428571,25.0,26.19047619047619,32,3128,0.010230179028132993
onlineshoppers,Region,104,28,427,2,1,1,-1,0.035714285714285705,0.03571428571428572,32.5,30.65,32,2960,0.010810810810810811
onlineshoppers,Region,105,27,386,2,1,2,-1,0.037037037037037035,0.037037037037037035,31.5,28.772727272727273,41,3028,0.013540290620871863
onlineshoppers,Region,106,27,380,3,1,1,-1,0.03703703703703703,0.037037037037037035,27.0,26.526315789473685,42,3028,0.013870541611624834
onlineshoppers,Region,107,28,427,2,1,1,-1,0.03571428571428571,0.03571428571428571,35.5,30.40909090909091,45,2978,0.01511081262592344
onlineshoppers,Region,108,28,413,3,1,1,-1,0.03571428571428571,0.03571428571428572,28.0,26.05263157894737,39,3046,0.012803676953381483
onlineshoppers,Region,109,28,424,3,1,1,-1,0.03571428571428572,0.03571428571428571,29.5,29.045454545454547,33,2996,0.011014686248331108
onlineshoppers,Region,110,27,378,3,1,2,-1,0.037037037037037035,0.03703703703703704,28.0,26.0,37,2960,0.0125
onlineshoppers,Region,111,28,406,2,1,1,-1,0.03571428571428571,0.03571428571428571,29.0,28.791666666666668,37,3024,0.012235449735449735
onlineshoppers,Region,112,28,429,2,1,1,-1,0.03571428571428571,0.03571428571428571,32.5,30.5,35,3060,0.011437908496732025
onlineshoppers,Region,113,28,429,3,1,1,-1,0.03571428571428571,0.03571428571428572,35.0,30.782608695652176,35,3138,0.011153601019757807
onlineshoppers,Region,114,28,391,3,1,2,-1,0.03571428571428571,0.03571428571428571,26.5,25.90909090909091,36,3016,0.011936339522546418
onlineshoppers,Region,115,28,390,3,1,2,-1,0.03571428571428571,0.035714285714285705,31.5,26.5,39,3170,0.012302839116719243
onlineshoppers,Region,116,28,416,3,1,2,-1,0.03571428571428571,0.03571428571428572,26.5,25.333333333333332,39,3100,0.012580645161290323
onlineshoppers,Region,117,27,399,3,1,2,-1,0.037037037037037035,0.037037037037037035,29.0,25.842105263157894,36,3006,0.011976047904191617
onlineshoppers,Region,118,28,414,3,1,2,-1,0.03571428571428571,0.03571428571428571,28.5,26.444444444444443,36,3134,0.01148691767708998
onlineshoppers,Region,119,28,399,3,1,2,-1,0.03571428571428571,0.03571428571428572,29.0,27.26086956521739,38,3016,0.012599469496021221
onlineshoppers,Region,120,28,411,2,1,1,-1,0.035714285714285705,0.03571428571428571,28.0,27.608695652173914,35,3020,0.011589403973509934
onlineshoppers,Region,121,27,406,3,1,1,-1,0.037037037037037035,0.03703703703703703,32.5,29.272727272727273,32,3056,0.010471204188481676
onlineshoppers,Region,122,28,406,2,1,1,-1,0.03571428571428572,0.03571428571428572,30.0,27.94736842105263,35,3014,0.011612475116124751
onlineshoppers,Region,123,28,413,3,1,2,-1,0.03571428571428573,0.03571428571428573,28.0,27.238095238095237,40,3022,0.013236267372600927
onlineshoppers,Region,124,28,402,3,1,2,-1,0.035714285714285705,0.03571428571428571,30.0,27.63157894736842,31,3036,0.010210803689064558
onlineshoppers,Region,125,28,408,3,1,1,-1,0.03571428571428571,0.03571428571428571,30.0,28.272727272727273,29,3100,0.00935483870967742
onlineshoppers,Region,126,28,388,2,1,1,-1,0.03571428571428571,0.03571428571428572,27.0,26.869565217391305,40,3000,0.013333333333333334
onlineshoppers,Region,127,28,375,3,1,2,-1,0.035714285714285705,0.03571428571428571,28.5,25.1,34,3054,0.011132940406024885
onlineshoppers,Region,128,27,416,2,1,1,-1,0.03703703703703704,0.037037037037037035,34.0,30.263157894736842,33,3004,0.010985352862849533
onlineshoppers,Region,129,28,392,2,1,1,-1,0.03571428571428571,0.03571428571428571,35.0,29.714285714285715,45,3078,0.014619883040935672
onlineshoppers,Region,130,28,415,3,1,3,-1,0.03571428571428572,0.03571428571428572,31.5,28.85,35,3176,0.01102015113350126
onlineshoppers,Region,131,28,397,3,1,2,-1,0.035714285714285705,0.035714285714285705,30.0,26.571428571428573,34,3022,0.011250827266710787
onlineshoppers,Region,132,28,422,3,1,2,-1,0.03571428571428571,0.03571428571428571,33.5,30.227272727272727,41,3036,0.013504611330698288
onlineshoppers,Region,133,28,408,3,1,2,-1,0.03571428571428572,0.03571428571428572,33.0,29.0,37,3042,0.012163050624589087
onlineshoppers,Region,134,27,407,2,1,1,-1,0.037037037037037035,0.03703703703703704,31.0,29.333333333333332,35,3078,0.011371020142949967
onlineshoppers,Region,135,28,408,3,1,2,-1,0.03571428571428571,0.03571428571428571,27.0,28.88235294117647,31,3062,0.010124101894186806
onlineshoppers,Region,136,27,414,3,1,2,-1,0.037037037037037035,0.03703703703703704,30.5,28.863636363636363,34,2982,0.011401743796109993
onlineshoppers,Region,137,28,400,3,1,1,-1,0.03571428571428571,0.03571428571428572,29.5,27.85,44,2992,0.014705882352941176
onlineshoppers,Region,138,27,376,2,1,1,-1,0.03703703703703704,0.037037037037037035,32.5,27.75,40,3014,0.013271400132714002
onlineshoppers,Region,139,28,416,3,1,2,-1,0.03571428571428571,0.03571428571428571,30.0,27.428571428571427,35,3174,0.011027095148078135
onlineshoppers,Region,140,27,420,3,1,2,-1,0.037037037037037035,0.037037037037037035,33.0,28.714285714285715,36,3044,0.011826544021024968
onlineshoppers,Region,141,28,394,3,1,2,-1,0.03571428571428571,0.03571428571428572,30.0,26.695652173913043,31,2988,0.010374832663989291
onlineshoppers,Region,142,28,398,3,1,1,-1,0.03571428571428571,0.035714285714285705,31.0,27.636363636363637,33,2936,0.011239782016348773
onlineshoppers,Region,143,27,417,2,1,2,-1,0.037037037037037035,0.037037037037037035,33.0,29.761904761904763,37,3042,0.012163050624589087
onlineshoppers,Region,144,27,395,3,1,2,-1,0.037037037037037035,0.037037037037037035,27.0,26.36842105263158,43,3066,0.014024787997390736
onlineshoppers,Region,145,28,435,2,1,1,-1,0.03571428571428572,0.03571428571428571,32.0,30.652173913043477,36,2990,0.012040133779264214
onlineshoppers,Region,146,28,381,3,1,2,-1,0.03571428571428571,0.03571428571428571,28.0,25.952380952380953,38,3016,0.012599469496021221
onlineshoppers,Region,147,27,402,3,1,3,-1,0.03703703703703704,0.037037037037037035,33.0,29.11111111111111,35,3080,0.011363636363636364
onlineshoppers,Region,148,27,405,3,1,2,-1,0.037037037037037035,0.03703703703703703,29.0,27.857142857142858,35,3042,0.011505588428665352
onlineshoppers,Region,149,28,434,2,1,1,-1,0.035714285714285705,0.03571428571428572,30.0,29.636363636363637,37,3094,0.011958629605688428
onlineshoppers,Region,150,28,378,3,1,2,-1,0.035714285714285705,0.03571428571428571,26.0,25.047619047619047,38,3022,0.01257445400397088
onlineshoppers,Region,151,28,407,3,1,1,-1,0.03571428571428571,0.03571428571428571,32.0,28.08695652173913,31,3084,0.010051880674448769
onlineshoppers,Region,152,28,412,3,1,1,-1,0.03571428571428571,0.035714285714285705,29.0,27.15,34,3056,0.01112565445026178
onlineshoppers,Region,153,27,407,2,1,1,-1,0.03703703703703704,0.037037037037037035,29.0,28.68421052631579,33,2996,0.011014686248331108
onlineshoppers,Region,154,28,389,3,1,2,-1,0.03571428571428571,0.03571428571428571,25.0,26.227272727272727,32,3124,0.010243277848911651
onlineshoppers,Region,155,28,416,2,1,1,-1,0.03571428571428571,0.035714285714285705,28.0,26.35,34,3058,0.011118378024852845
onlineshoppers,Region,156,28,417,3,1,2,-1,0.03571428571428571,0.03571428571428571,35.0,29.952380952380953,34,2946,0.011541072640868975
onlineshoppers,Region,157,28,421,2,1,1,-1,0.03571428571428571,0.03571428571428572,28.5,27.625,30,2994,0.01002004008016032
onlineshoppers,Region,158,27,398,2,1,1,-1,0.03703703703703704,0.03703703703703704,31.0,29.952380952380953,33,3044,0.010840998685939553
onlineshoppers,Region,159,28,400,3,1,2,-1,0.03571428571428572,0.03571428571428572,32.5,28.6,34,3064,0.011096605744125326
onlineshoppers,Region,160,28,411,3,1,2,-1,0.03571428571428571,0.03571428571428571,32.0,26.952380952380953,39,3094,0.012605042016806723
onlineshoppers,Region,161,28,432,3,1,1,-1,0.03571428571428571,0.03571428571428571,31.0,29.333333333333332,40,2980,0.013422818791946308
onlineshoppers,Region,162,27,378,3,1,2,-1,0.037037037037037035,0.03703703703703704,27.0,26.6,31,2944,0.010529891304347826
onlineshoppers,Region,163,28,431,2,1,1,-1,0.03571428571428572,0.03571428571428571,33.0,30.61904761904762,41,3172,0.012925598991172762
onlineshoppers,Region,164,27,407,3,1,3,-1,0.037037037037037035,0.03703703703703704,33.0,30.047619047619047,35,3232,0.010829207920792078
onlineshoppers,Region,165,27,380,3,1,1,-1,0.03703703703703704,0.03703703703703703,30.0,28.210526315789473,39,3018,0.012922465208747515
onlineshoppers,Region,166,28,437,2,1,1,-1,0.03571428571428572,0.035714285714285705,31.0,31.304347826086957,32,3136,0.01020408163265306
onlineshoppers,Region,167,27,426,2,1,1,-1,0.037037037037037035,0.037037037037037035,33.5,30.55,33,3026,0.010905485789821546
onlineshoppers,Region,168,28,464,2,1,1,-1,0.03571428571428571,0.03571428571428571,35.5,32.4,32,3024,0.010582010582010581
onlineshoppers,Region,169,28,425,2,1,1,-1,0.03571428571428571,0.03571428571428571,33.0,29.818181818181817,36,3052,0.011795543905635648
onlineshoppers,Region,170,28,427,3,1,1,-1,0.03571428571428571,0.03571428571428571,29.0,27.57894736842105,36,3172,0.011349306431273645
onlineshoppers,Region,171,28,398,2,1,2,-1,0.03571428571428571,0.03571428571428571,29.0,26.304347826086957,30,3046,0.00984898227183191
onlineshoppers,Region,172,28,387,3,1,2,-1,0.03571428571428571,0.035714285714285705,30.0,26.625,31,2926,0.010594668489405332
onlineshoppers,Region,173,28,402,3,1,2,-1,0.03571428571428571,0.03571428571428571,32.0,27.82608695652174,35,2952,0.011856368563685637
onlineshoppers,Region,174,28,397,3,1,2,-1,0.03571428571428571,0.03571428571428572,27.0,24.105263157894736,33,3082,0.010707332900713823
onlineshoppers,Region,175,28,450,3,1,1,-1,0.03571428571428571,0.03571428571428571,30.0,31.476190476190474,29,2958,0.00980392156862745
onlineshoppers,Region,176,27,410,2,1,2,-1,0.037037037037037035,0.037037037037037035,31.0,29.391304347826086,42,2958,0.014198782961460446
onlineshoppers,Region,177,28,426,3,1,2,-1,0.03571428571428572,0.03571428571428572,33.0,28.761904761904763,33,3126,0.01055662188099808
onlineshoppers,Region,178,28,411,3,1,1,-1,0.03571428571428571,0.035714285714285705,29.0,27.857142857142858,37,3076,0.012028608582574773
onlineshoppers,Region,179,28,406,2,1,1,-1,0.03571428571428572,0.03571428571428572,27.5,26.818181818181817,32,2962,0.010803511141120865
onlineshoppers,Region,180,28,428,3,1,3,-1,0.03571428571428571,0.03571428571428571,31.0,27.142857142857142,41,3086,0.013285806869734284
onlineshoppers,Region,181,28,403,2,1,1,-1,0.03571428571428571,0.03571428571428571,29.5,27.25,42,2946,0.014256619144602852
onlineshoppers,Region,182,28,427,3,1,1,-1,0.03571428571428571,0.035714285714285705,30.5,29.5,33,2982,0.011066398390342052
onlineshoppers,Region,183,28,396,3,1,2,-1,0.03571428571428572,0.03571428571428571,30.0,29.476190476190474,41,3036,0.013504611330698288
onlineshoppers,Region,184,28,401,3,1,2,-1,0.035714285714285705,0.03571428571428571,28.5,27.166666666666668,30,2914,0.01029512697323267
onlineshoppers,Region,185,28,403,3,1,1,-1,0.03571428571428571,0.03571428571428571,29.0,27.05263157894737,37,2938,0.01259360108917631
onlineshoppers,Region,186,28,430,3,1,1,-1,0.03571428571428571,0.03571428571428572,32.0,29.52173913043478,35,3068,0.011408083441981747
onlineshoppers,Region,187,28,398,3,1,1,-1,0.03571428571428572,0.03571428571428571,30.5,27.136363636363637,35,3040,0.011513157894736841
onlineshoppers,Region,188,28,414,3,1,1,-1,0.03571428571428571,0.03571428571428571,28.5,28.05,37,3118,0.011866581141757537
onlineshoppers,Region,189,28,391,3,1,2,-1,0.03571428571428571,0.035714285714285705,32.0,29.095238095238095,37,3000,0.012333333333333333
onlineshoppers,Region,190,28,376,3,1,1,-1,0.03571428571428571,0.03571428571428571,25.5,24.55,38,3014,0.012607830126078301
onlineshoppers,Region,191,28,391,3,1,1,-1,0.03571428571428572,0.03571428571428571,27.5,28.416666666666668,40,3102,0.012894906511927788
onlineshoppers,Region,192,28,411,3,1,1,-1,0.03571428571428572,0.03571428571428571,29.5,28.5,40,2934,0.013633265167007498
onlineshoppers,Region,193,27,394,3,1,2,-1,0.037037037037037035,0.037037037037037035,28.0,27.476190476190474,34,3068,0.01108213820078227
onlineshoppers,Region,194,27,414,3,1,1,-1,0.03703703703703703,0.03703703703703704,32.0,28.88235294117647,35,3074,0.011385816525699415
onlineshoppers,Region,195,28,428,3,1,2,-1,0.03571428571428571,0.03571428571428572,33.0,31.608695652173914,38,3012,0.012616201859229747
onlineshoppers,Region,196,27,398,3,1,2,-1,0.03703703703703703,0.037037037037037035,30.5,28.5,36,3116,0.011553273427471117
onlineshoppers,Region,197,28,402,3,1,3,-1,0.035714285714285705,0.03571428571428571,28.0,25.82608695652174,38,3024,0.012566137566137565
onlineshoppers,Region,198,28,399,3,1,2,-1,0.03571428571428572,0.035714285714285705,30.5,28.363636363636363,32,3026,0.010575016523463317
onlineshoppers,Region,199,28,391,3,1,2,-1,0.03571428571428571,0.03571428571428571,30.5,26.772727272727273,39,2988,0.013052208835341365
onlineshoppers,Region,200,27,400,3,1,2,-1,0.037037037037037035,0.037037037037037035,31.0,28.238095238095237,31,2998,0.010340226817878585
onlineshoppers,Region,201,28,381,3,1,2,-1,0.03571428571428571,0.03571428571428572,31.0,27.5,38,2866,0.013258897418004187
onlineshoppers,Region,202,28,421,3,1,1,-1,0.03571428571428572,0.03571428571428572,32.0,29.523809523809526,39,3108,0.012548262548262547
onlineshoppers,Region,203,28,371,3,1,2,-1,0.03571428571428572,0.03571428571428571,28.0,24.636363636363637,40,3124,0.012804097311139564
onlineshoppers,Region,204,28,442,3,1,1,-1,0.03571428571428571,0.03571428571428571,29.5,29.2,43,3088,0.013924870466321243
onlineshoppers,Region,205,27,399,2,1,1,-1,0.037037037037037035,0.037037037037037035,28.0,25.470588235294116,38,3010,0.012624584717607974
onlineshoppers,Region,206,28,345,3,1,2,-1,0.03571428571428571,0.03571428571428572,27.0,24.38095238095238,40,2992,0.013368983957219251
onlineshoppers,Region,207,28,418,3,1,1,-1,0.03571428571428572,0.03571428571428571,29.0,28.285714285714285,38,3032,0.012532981530343008
onlineshoppers,Region,208,28,401,3,1,3,-1,0.03571428571428572,0.03571428571428571,31.0,27.80952380952381,40,3014,0.013271400132714002
onlineshoppers,Region,209,28,408,2,1,1,-1,0.035714285714285705,0.03571428571428572,27.5,27.4,35,3050,0.011475409836065573
onlineshoppers,Region,210,28,434,3,1,2,-1,0.03571428571428571,0.03571428571428572,31.0,29.35,40,3158,0.01266624445851805
onlineshoppers,Region,211,27,426,2,1,1,-1,0.03703703703703704,0.037037037037037035,34.0,31.863636363636363,33,3104,0.010631443298969073
onlineshoppers,Region,212,27,416,2,1,1,-1,0.03703703703703703,0.037037037037037035,35.0,30.473684210526315,38,2932,0.01296043656207367
onlineshoppers,Region,213,27,396,2,1,1,-1,0.037037037037037035,0.037037037037037035,29.0,27.73913043478261,36,2974,0.0121049092131809
onlineshoppers,Region,214,27,410,2,1,1,-1,0.03703703703703704,0.03703703703703704,32.0,29.77777777777778,38,3088,0.012305699481865285
onlineshoppers,Region,215,27,407,2,1,1,-1,0.037037037037037035,0.037037037037037035,33.0,30.904761904761905,38,3076,0.01235370611183355
onlineshoppers,Region,216,28,394,3,1,1,-1,0.03571428571428571,0.03571428571428571,33.5,27.954545454545453,43,3030,0.01419141914191419
onlineshoppers,Region,217,27,381,3,1,2,-1,0.03703703703703703,0.037037037037037035,30.0,27.636363636363637,32,3070,0.010423452768729642
onlineshoppers,Region,218,28,412,2,1,1,-1,0.03571428571428572,0.035714285714285705,29.0,27.666666666666668,35,3016,0.011604774535809019
onlineshoppers,Region,219,28,373,3,1,1,-1,0.03571428571428571,0.03571428571428571,28.0,25.875,39,3000,0.013
onlineshoppers,Region,220,28,392,2,1,1,-1,0.03571428571428571,0.03571428571428571,32.0,28.25,36,2964,0.012145748987854251
onlineshoppers,Region,221,27,399,2,1,1,-1,0.037037037037037035,0.03703703703703703,32.0,29.428571428571427,39,3084,0.01264591439688716
onlineshoppers,Region,222,27,370,3,1,3,-1,0.037037037037037035,0.037037037037037035,26.0,24.36842105263158,33,3086,0.01069345430978613
onlineshoppers,Region,223,28,393,3,1,2,-1,0.03571428571428571,0.03571428571428571,28.0,25.8,39,3278,0.011897498474679682
onlineshoppers,Region,224,28,382,3,1,1,-1,0.03571428571428571,0.03571428571428571,31.0,26.523809523809526,45,3018,0.014910536779324055
onlineshoppers,Region,225,28,403,3,1,1,-1,0.03571428571428571,0.03571428571428571,27.5,28.2,35,3008,0.01163563829787234
onlineshoppers,Region,226,28,411,3,1,1,-1,0.03571428571428571,0.03571428571428571,27.5,28.5,40,3028,0.013210039630118891
onlineshoppers,Region,227,28,407,3,1,1,-1,0.035714285714285705,0.03571428571428572,27.0,27.095238095238095,36,3158,0.011399620012666244
onlineshoppers,Region,228,28,405,3,1,2,-1,0.03571428571428572,0.035714285714285705,27.0,26.52173913043478,36,3058,0.011772400261608895
onlineshoppers,Region,229,27,389,3,1,2,-1,0.03703703703703703,0.037037037037037035,31.0,26.59090909090909,30,3004,0.009986684420772303
onlineshoppers,Region,230,28,415,3,1,2,-1,0.03571428571428571,0.03571428571428571,27.5,29.772727272727273,39,3114,0.012524084778420038
onlineshoppers,Region,231,28,405,3,1,2,-1,0.03571428571428571,0.03571428571428572,30.0,27.695652173913043,38,3142,0.0120942075111394
onlineshoppers,Region,232,28,393,3,1,2,-1,0.03571428571428571,0.03571428571428572,29.0,26.61904761904762,30,2938,0.010211027910142955
onlineshoppers,Region,233,28,426,2,1,1,-1,0.03571428571428571,0.03571428571428571,30.0,27.80952380952381,31,3090,0.010032362459546926
onlineshoppers,Region,234,26,396,2,1,1,-1,0.03846153846153845,0.038461538461538464,30.0,28.7,38,2994,0.012692050768203072
onlineshoppers,Region,235,27,405,3,1,2,-1,0.037037037037037035,0.037037037037037035,29.5,28.0,40,3016,0.013262599469496022
onlineshoppers,Region,236,27,410,3,1,2,-1,0.037037037037037035,0.03703703703703703,31.0,29.333333333333332,42,2996,0.014018691588785047
onlineshoppers,Region,237,27,405,3,1,2,-1,0.03703703703703704,0.037037037037037035,30.5,29.045454545454547,34,2922,0.01163586584531143
onlineshoppers,Region,238,28,428,3,1,1,-1,0.035714285714285705,0.035714285714285705,31.0,29.65,38,3024,0.012566137566137565
onlineshoppers,Region,239,28,412,2,1,2,-1,0.03571428571428571,0.035714285714285705,30.0,26.35,34,3018,0.01126573889993373
onlineshoppers,Region,240,27,402,3,1,1,-1,0.037037037037037035,0.03703703703703703,25.0,28.294117647058822,45,3090,0.014563106796116505
onlineshoppers,Region,241,28,421,3,1,1,-1,0.03571428571428571,0.03571428571428571,31.0,29.6,33,3126,0.01055662188099808
onlineshoppers,Region,242,27,400,2,1,1,-1,0.037037037037037035,0.037037037037037035,29.5,27.22222222222222,38,3144,0.012086513994910942
onlineshoppers,Region,243,28,390,3,1,2,-1,0.03571428571428571,0.03571428571428571,27.5,25.45,35,3064,0.011422976501305483
onlineshoppers,Region,244,28,402,3,1,2,-1,0.03571428571428571,0.03571428571428572,33.0,29.210526315789473,31,3040,0.010197368421052632
onlineshoppers,Region,245,28,421,3,1,1,-1,0.03571428571428571,0.03571428571428572,30.0,28.31578947368421,40,3004,0.013315579227696404
onlineshoppers,Region,246,27,403,2,1,1,-1,0.037037037037037035,0.037037037037037035,31.5,29.0,36,3164,0.011378002528445006
onlineshoppers,Region,247,28,410,2,1,1,-1,0.03571428571428571,0.03571428571428573,29.0,28.428571428571427,35,3056,0.011452879581151832
onlineshoppers,Region,248,28,411,3,1,1,-1,0.03571428571428572,0.03571428571428571,27.5,26.318181818181817,39,3016,0.01293103448275862
onlineshoppers,Region,249,28,381,3,1,2,-1,0.035714285714285705,0.03571428571428571,23.0,25.904761904761905,37,2972,0.012449528936742935
onlineshoppers,Region,250,27,394,2,1,1,-1,0.037037037037037035,0.037037037037037035,30.0,29.08695652173913,46,3046,0.015101772816808929
onlineshoppers,Region,251,27,414,3,1,2,-1,0.03703703703703704,0.037037037037037035,29.0,29.42105263157895,34,2980,0.011409395973154362
onlineshoppers,Region,252,27,416,2,1,1,-1,0.03703703703703704,0.037037037037037035,31.0,29.73913043478261,39,3002,0.012991339107261825
onlineshoppers,Region,253,28,399,3,1,2,-1,0.03571428571428571,0.03571428571428571,30.0,28.5,36,3010,0.011960132890365448
onlineshoppers,Region,254,28,417,3,1,1,-1,0.035714285714285705,0.03571428571428571,29.5,27.4,32,3136,0.01020408163265306
onlineshoppers,Region,255,28,400,3,1,3,-1,0.03571428571428573,0.03571428571428573,33.0,27.894736842105264,40,3112,0.012853470437017995
onlineshoppers,Region,256,28,415,2,1,1,-1,0.03571428571428571,0.03571428571428571,29.0,28.095238095238095,43,3028,0.014200792602377808
onlineshoppers,Region,257,28,394,3,1,1,-1,0.03571428571428572,0.03571428571428571,26.0,26.608695652173914,36,2970,0.012121212121212121
onlineshoppers,Region,258,27,418,3,1,2,-1,0.037037037037037035,0.03703703703703703,30.0,30.869565217391305,40,2978,0.013431833445265278
onlineshoppers,Region,259,27,385,3,1,3,-1,0.03703703703703703,0.037037037037037035,27.5,27.2,36,2996,0.012016021361815754
onlineshoppers,Region,260,28,410,3,1,2,-1,0.03571428571428571,0.03571428571428571,33.0,29.95,30,3044,0.00985545335085414
onlineshoppers,Region,261,28,401,3,1,1,-1,0.03571428571428571,0.03571428571428572,29.0,28.347826086956523,37,3120,0.011858974358974358
onlineshoppers,Region,262,28,375,3,1,1,-1,0.03571428571428572,0.03571428571428572,31.5,27.3,39,2950,0.013220338983050847
onlineshoppers,Region,263,27,414,2,1,2,-1,0.03703703703703704,0.037037037037037035,34.0,29.73913043478261,32,3150,0.010158730158730159
onlineshoppers,Region,264,27,365,3,1,2,-1,0.03703703703703704,0.03703703703703704,29.0,26.38095238095238,37,2912,0.012706043956043956
onlineshoppers,Region,265,28,386,2,1,1,-1,0.035714285714285705,0.03571428571428571,29.5,27.954545454545453,33,3062,0.01077726975832789
onlineshoppers,Region,266,28,399,3,1,2,-1,0.03571428571428571,0.03571428571428571,30.0,27.57894736842105,36,3106,0.01159047005795235
onlineshoppers,Region,267,27,417,3,1,2,-1,0.03703703703703704,0.03703703703703704,34.0,29.61904761904762,33,2948,0.011194029850746268
onlineshoppers,Region,268,27,390,3,1,1,-1,0.037037037037037035,0.037037037037037035,29.0,27.63157894736842,43,3080,0.01396103896103896
onlineshoppers,Region,269,28,410,3,1,1,-1,0.03571428571428571,0.03571428571428572,33.0,30.0,34,3024,0.011243386243386243
onlineshoppers,Region,270,28,382,3,1,4,-1,0.03571428571428571,0.03571428571428572,28.0,26.0,36,3108,0.011583011583011582
onlineshoppers,Region,271,28,371,3,1,1,-1,0.03571428571428572,0.03571428571428571,24.0,23.941176470588236,39,2992,0.01303475935828877
onlineshoppers,Region,272,28,400,2,1,1,-1,0.03571428571428571,0.03571428571428571,29.0,27.25,32,2976,0.010752688172043012
onlineshoppers,Region,273,27,420,3,1,2,-1,0.037037037037037035,0.037037037037037035,32.5,30.65,34,3006,0.011310711909514305
onlineshoppers,Region,274,27,389,3,1,2,-1,0.037037037037037035,0.037037037037037035,27.0,27.05,36,3106,0.01159047005795235
onlineshoppers,Region,275,28,403,3,1,1,-1,0.03571428571428571,0.03571428571428571,30.0,29.0625,36,3058,0.011772400261608895
onlineshoppers,Region,276,28,407,3,1,1,-1,0.03571428571428572,0.035714285714285705,35.0,30.35,40,3034,0.013183915622940013
onlineshoppers,Region,277,28,416,3,1,1,-1,0.035714285714285705,0.03571428571428572,29.0,26.863636363636363,34,2962,0.011478730587440918
onlineshoppers,Region,278,28,392,3,1,1,-1,0.03571428571428571,0.03571428571428571,27.0,26.38095238095238,36,3008,0.011968085106382979
onlineshoppers,Region,279,28,402,3,1,1,-1,0.03571428571428571,0.03571428571428571,28.0,27.571428571428573,41,3130,0.013099041533546326
onlineshoppers,Region,280,27,411,3,1,2,-1,0.037037037037037035,0.03703703703703703,32.0,28.61904761904762,33,3070,0.010749185667752443
onlineshoppers,Region,281,28,406,3,1,1,-1,0.03571428571428572,0.03571428571428572,30.5,28.0,32,2994,0.01068804275217101
onlineshoppers,Region,282,28,402,3,1,2,-1,0.03571428571428571,0.03571428571428572,32.0,27.782608695652176,35,3104,0.011275773195876288
onlineshoppers,Region,283,28,406,3,1,2,-1,0.03571428571428571,0.035714285714285705,28.5,27.5,38,2920,0.013013698630136987
onlineshoppers,Region,284,28,427,2,1,1,-1,0.03571428571428571,0.03571428571428571,30.5,29.272727272727273,40,3016,0.013262599469496022
onlineshoppers,Region,285,28,406,3,1,1,-1,0.03571428571428571,0.03571428571428572,27.0,26.941176470588236,32,3076,0.010403120936280884
onlineshoppers,Region,286,28,383,3,1,1,-1,0.03571428571428571,0.03571428571428571,26.0,25.666666666666668,33,2958,0.011156186612576065
onlineshoppers,Region,287,28,392,3,1,2,-1,0.03571428571428572,0.03571428571428571,31.0,26.63157894736842,36,2996,0.012016021361815754
onlineshoppers,Region,288,28,424,2,1,1,-1,0.03571428571428571,0.03571428571428572,32.0,30.272727272727273,37,2950,0.012542372881355932
onlineshoppers,Region,289,28,409,3,1,2,-1,0.03571428571428572,0.03571428571428571,25.5,25.863636363636363,35,2966,0.011800404585300068
onlineshoppers,Region,290,28,454,2,1,1,-1,0.03571428571428571,0.03571428571428571,30.0,30.142857142857142,29,3116,0.009306803594351733
onlineshoppers,Region,291,28,442,2,1,1,-1,0.03571428571428571,0.035714285714285705,36.0,31.476190476190474,34,3088,0.011010362694300517
onlineshoppers,Region,292,28,392,3,1,2,-1,0.03571428571428571,0.035714285714285705,26.0,23.952380952380953,42,3056,0.0137434554973822
onlineshoppers,Region,293,28,388,3,1,2,-1,0.03571428571428572,0.03571428571428571,29.5,27.9,35,3004,0.011651131824234355
onlineshoppers,Region,294,28,389,3,1,2,-1,0.03571428571428571,0.03571428571428571,27.5,25.727272727272727,34,3092,0.010996119016817595
onlineshoppers,Region,295,28,377,3,1,2,-1,0.03571428571428571,0.03571428571428571,27.5,26.45,34,2954,0.011509817197020988
onlineshoppers,Region,296,27,412,2,1,1,-1,0.037037037037037035,0.03703703703703704,35.0,30.789473684210527,34,3052,0.011140235910878113
onlineshoppers,Region,297,27,407,2,1,2,-1,0.03703703703703703,0.037037037037037035,30.0,28.80952380952381,34,3016,0.011273209549071617
onlineshoppers,Region,298,28,387,3,1,1,-1,0.03571428571428571,0.03571428571428572,27.0,25.736842105263158,32,2902,0.011026878015161957
onlineshoppers,Region,299,28,399,3,1,3,-1,0.03571428571428571,0.03571428571428571,31.0,28.545454545454547,37,2996,0.012349799732977304
onlineshoppers,TrafficType,0,27,386,3,1,2,-1,0.037037037037037035,0.037037037037037035,27.0,26.85,44,3064,0.014360313315926894
onlineshoppers,TrafficType,1,28,401,3,1,1,-1,0.03571428571428571,0.03571428571428571,28.5,26.65,37,3104,0.011920103092783504
onlineshoppers,TrafficType,2,28,382,3,1,2,-1,0.03571428571428572,0.03571428571428572,24.0,25.19047619047619,43,2872,0.014972144846796657
onlineshoppers,TrafficType,3,28,391,3,1,3,-1,0.03571428571428571,0.03571428571428572,31.0,27.80952380952381,38,3018,0.012591119946984758
onlineshoppers,TrafficType,4,27,394,3,1,2,-1,0.037037037037037035,0.037037037037037035,28.0,27.5,40,3014,0.013271400132714002
onlineshoppers,TrafficType,5,28,436,2,1,1,-1,0.03571428571428571,0.03571428571428571,33.0,30.80952380952381,34,3112,0.010925449871465296
onlineshoppers,TrafficType,6,28,426,3,1,2,-1,0.03571428571428571,0.03571428571428572,35.0,30.904761904761905,38,3120,0.01217948717948718
onlineshoppers,TrafficType,7,28,369,3,1,4,-1,0.03571428571428572,0.03571428571428571,31.5,27.181818181818183,34,3154,0.01077996195307546
onlineshoppers,TrafficType,8,28,408,2,1,1,-1,0.03571428571428571,0.03571428571428572,28.0,28.583333333333332,32,2960,0.010810810810810811
onlineshoppers,TrafficType,9,28,386,3,1,2,-1,0.03571428571428571,0.035714285714285705,28.0,29.047619047619047,37,3050,0.012131147540983607
onlineshoppers,TrafficType,10,28,410,3,1,2,-1,0.03571428571428571,0.03571428571428571,31.5,28.772727272727273,46,3088,0.014896373056994818
onlineshoppers,TrafficType,11,28,371,3,1,2,-1,0.03571428571428571,0.035714285714285705,24.0,23.91304347826087,35,3018,0.011597084161696488
onlineshoppers,TrafficType,12,28,413,2,1,1,-1,0.03571428571428572,0.03571428571428571,27.0,27.454545454545453,49,3152,0.015545685279187817
onlineshoppers,TrafficType,13,28,401,3,1,2,-1,0.03571428571428571,0.03571428571428571,27.5,26.454545454545453,43,3138,0.013702995538559592
onlineshoppers,TrafficType,14,28,423,2,1,1,-1,0.035714285714285705,0.03571428571428571,32.0,28.047619047619047,49,3174,0.01543793320730939
onlineshoppers,TrafficType,15,28,444,2,1,1,-1,0.035714285714285705,0.035714285714285705,35.0,32.0,37,3120,0.011858974358974358
onlineshoppers,TrafficType,16,28,412,3,1,2,-1,0.03571428571428571,0.035714285714285705,29.0,28.142857142857142,44,3050,0.014426229508196721
onlineshoppers,TrafficType,17,28,422,2,1,1,-1,0.03571428571428571,0.03571428571428572,29.0,29.571428571428573,50,3056,0.016361256544502618
onlineshoppers,TrafficType,18,28,375,3,1,2,-1,0.03571428571428571,0.03571428571428572,28.0,26.227272727272727,32,3068,0.010430247718383311
onlineshoppers,TrafficType,19,28,407,4,1,4,-1,0.03571428571428571,0.03571428571428571,34.5,29.227272727272727,38,3116,0.012195121951219513
onlineshoppers,TrafficType,20,28,405,3,1,1,-1,0.03571428571428571,0.03571428571428571,29.0,26.90909090909091,43,3036,0.014163372859025032
onlineshoppers,TrafficType,21,28,401,3,1,2,-1,0.03571428571428571,0.035714285714285705,33.0,28.227272727272727,36,2984,0.012064343163538873
onlineshoppers,TrafficType,22,28,405,2,1,1,-1,0.03571428571428571,0.03571428571428571,28.5,27.045454545454547,44,2920,0.015068493150684932
onlineshoppers,TrafficType,23,28,402,3,1,2,-1,0.03571428571428572,0.03571428571428571,24.5,26.727272727272727,35,3082,0.01135626216742375
onlineshoppers,TrafficType,24,28,411,3,1,2,-1,0.03571428571428572,0.03571428571428571,30.5,28.8,43,3084,0.013942931258106356
onlineshoppers,TrafficType,25,28,401,3,1,1,-1,0.035714285714285705,0.035714285714285705,27.5,27.454545454545453,39,3128,0.012468030690537084
onlineshoppers,TrafficType,26,28,352,3,1,3,-1,0.03571428571428571,0.03571428571428572,30.0,26.761904761904763,42,3030,0.013861386138613862
onlineshoppers,TrafficType,27,28,380,3,1,2,-1,0.03571428571428571,0.03571428571428571,25.5,25.40909090909091,38,3010,0.012624584717607974
onlineshoppers,TrafficType,28,28,401,2,1,1,-1,0.03571428571428571,0.03571428571428571,26.5,26.95,38,2992,0.01270053475935829
onlineshoppers,TrafficType,29,28,417,2,1,1,-1,0.03571428571428572,0.03571428571428571,29.0,28.647058823529413,41,3030,0.01353135313531353
onlineshoppers,TrafficType,30,28,412,3,1,1,-1,0.03571428571428571,0.03571428571428571,29.0,27.695652173913043,31,3034,0.01021753460777851
onlineshoppers,TrafficType,31,28,404,2,1,2,-1,0.03571428571428571,0.03571428571428571,24.0,25.523809523809526,31,3072,0.010091145833333334
onlineshoppers,TrafficType,32,28,394,3,1,1,-1,0.03571428571428571,0.03571428571428572,29.5,28.38888888888889,40,3106,0.0128783000643915
onlineshoppers,TrafficType,33,28,410,3,1,2,-1,0.03571428571428572,0.03571428571428572,29.0,26.90909090909091,34,2956,0.011502029769959404
onlineshoppers,TrafficType,34,28,401,3,1,1,-1,0.035714285714285705,0.03571428571428572,32.0,28.681818181818183,38,2914,0.013040494166094716
onlineshoppers,TrafficType,35,28,410,2,1,1,-1,0.03571428571428571,0.03571428571428572,27.0,26.88235294117647,38,3018,0.012591119946984758
onlineshoppers,TrafficType,36,28,425,2,1,1,-1,0.03571428571428571,0.03571428571428572,30.0,28.789473684210527,36,3162,0.011385199240986717
onlineshoppers,TrafficType,37,28,399,3,1,2,-1,0.03571428571428571,0.03571428571428571,30.5,28.0,35,3048,0.011482939632545932
onlineshoppers,TrafficType,38,28,414,3,1,1,-1,0.035714285714285705,0.035714285714285705,32.0,29.38095238095238,40,3024,0.013227513227513227
onlineshoppers,TrafficType,39,28,376,2,1,2,-1,0.03571428571428572,0.03571428571428572,29.0,27.0,50,3120,0.016025641025641024
onlineshoppers,TrafficType,40,27,381,2,1,1,-1,0.03703703703703704,0.037037037037037056,28.0,26.42105263157895,56,3114,0.01798330122029544
onlineshoppers,TrafficType,41,28,387,3,1,2,-1,0.03571428571428572,0.03571428571428572,29.5,27.25,43,2958,0.0145368492224476
onlineshoppers,TrafficType,42,28,435,3,1,1,-1,0.03571428571428571,0.03571428571428571,33.5,31.458333333333332,46,3062,0.015022860875244938
onlineshoppers,TrafficType,43,28,436,2,1,1,-1,0.03571428571428571,0.03571428571428571,32.0,30.333333333333332,35,3092,0.011319534282018111
onlineshoppers,TrafficType,44,28,385,3,1,2,-1,0.03571428571428571,0.03571428571428571,35.0,29.5,35,3096,0.011304909560723515
onlineshoppers,TrafficType,45,28,400,3,1,1,-1,0.03571428571428572,0.035714285714285705,27.0,26.476190476190474,41,3074,0.013337670787247886
onlineshoppers,TrafficType,46,28,425,2,1,1,-1,0.03571428571428571,0.03571428571428571,28.5,28.59090909090909,36,3056,0.011780104712041885
onlineshoppers,TrafficType,47,28,396,3,1,2,-1,0.03571428571428571,0.03571428571428571,29.0,26.82608695652174,36,3072,0.01171875
onlineshoppers,TrafficType,48,28,374,4,1,3,-1,0.03571428571428572,0.03571428571428572,27.0,25.176470588235293,31,3154,0.009828788839568801
onlineshoppers,TrafficType,49,27,374,3,1,2,-1,0.037037037037037035,0.037037037037037035,26.5,24.75,32,3090,0.010355987055016181
onlineshoppers,TrafficType,50,28,390,3,1,3,-1,0.03571428571428572,0.03571428571428571,30.0,27.19047619047619,35,3102,0.011283043197936816
onlineshoppers,TrafficType,51,27,385,3,1,3,-1,0.037037037037037035,0.03703703703703704,26.0,25.952380952380953,37,3024,0.012235449735449735
onlineshoppers,TrafficType,52,28,413,3,1,1,-1,0.03571428571428571,0.03571428571428572,30.0,28.142857142857142,42,3148,0.013341804320203304
onlineshoppers,TrafficType,53,26,366,3,1,2,-1,0.03846153846153847,0.03846153846153846,29.5,26.0,38,2968,0.012803234501347708
onlineshoppers,TrafficType,54,28,373,3,1,1,-1,0.03571428571428571,0.03571428571428572,24.0,25.61904761904762,36,2954,0.012186865267433988
onlineshoppers,TrafficType,55,28,408,2,1,1,-1,0.03571428571428571,0.03571428571428571,29.0,27.92,41,3026,0.013549239920687376
onlineshoppers,TrafficType,56,28,373,3,1,3,-1,0.03571428571428571,0.03571428571428572,31.0,26.0,34,3156,0.010773130544993664
onlineshoppers,TrafficType,57,28,383,3,1,2,-1,0.03571428571428572,0.03571428571428571,30.0,27.130434782608695,36,3102,0.01160541586073501
onlineshoppers,TrafficType,58,28,410,3,1,3,-1,0.03571428571428572,0.03571428571428571,28.5,27.863636363636363,53,3074,0.017241379310344827
onlineshoppers,TrafficType,59,28,398,3,1,2,-1,0.03571428571428571,0.03571428571428571,30.0,29.047619047619047,37,3068,0.012059973924380704
onlineshoppers,TrafficType,60,28,404,3,1,1,-1,0.035714285714285705,0.03571428571428571,29.0,26.58823529411765,37,3088,0.011981865284974092
onlineshoppers,TrafficType,61,28,397,2,1,2,-1,0.03571428571428572,0.03571428571428571,28.0,26.91304347826087,41,3164,0.012958280657395701
onlineshoppers,TrafficType,62,28,400,2,1,1,-1,0.03571428571428571,0.03571428571428571,25.5,28.5,35,3162,0.011068943706514863
onlineshoppers,TrafficType,63,28,400,2,1,2,-1,0.03571428571428571,0.03571428571428571,26.5,27.40909090909091,45,3212,0.014009962640099627
onlineshoppers,TrafficType,64,27,412,3,1,2,-1,0.037037037037037035,0.03703703703703703,31.5,29.05,40,3204,0.012484394506866416
onlineshoppers,TrafficType,65,28,423,3,1,1,-1,0.035714285714285705,0.03571428571428571,32.5,29.7,36,3092,0.01164294954721863
onlineshoppers,TrafficType,66,28,405,3,1,1,-1,0.03571428571428571,0.03571428571428571,30.0,29.136363636363637,43,3032,0.014182058047493404
onlineshoppers,TrafficType,67,27,412,2,1,1,-1,0.037037037037037035,0.03703703703703703,28.0,28.571428571428573,54,3122,0.01729660474055093
onlineshoppers,TrafficType,68,28,406,3,1,3,-1,0.03571428571428571,0.03571428571428571,27.5,25.59090909090909,36,2970,0.012121212121212121
onlineshoppers,TrafficType,69,27,396,3,1,2,-1,0.037037037037037035,0.037037037037037035,32.5,29.454545454545453,40,3228,0.012391573729863693
onlineshoppers,TrafficType,70,28,376,3,1,1,-1,0.03571428571428571,0.03571428571428571,28.0,25.884615384615383,39,2994,0.013026052104208416
onlineshoppers,TrafficType,71,28,374,3,1,3,-1,0.03571428571428571,0.03571428571428571,25.0,24.666666666666668,44,3054,0.014407334643091027
onlineshoppers,TrafficType,72,28,388,3,1,2,-1,0.03571428571428571,0.035714285714285705,29.0,27.40909090909091,35,3002,0.011658894070619586
onlineshoppers,TrafficType,73,28,394,3,1,2,-1,0.03571428571428571,0.03571428571428571,28.0,26.608695652173914,34,3086,0.01101749837977965
onlineshoppers,TrafficType,74,27,384,3,1,1,-1,0.03703703703703704,0.03703703703703703,27.0,26.526315789473685,39,2922,0.013347022587268994
onlineshoppers,TrafficType,75,28,390,3,1,2,-1,0.03571428571428571,0.03571428571428571,25.0,25.157894736842106,34,3056,0.01112565445026178
onlineshoppers,TrafficType,76,28,384,4,1,3,-1,0.03571428571428571,0.03571428571428572,29.5,26.541666666666668,35,3062,0.011430437622468974
onlineshoppers,TrafficType,77,28,384,3,1,2,-1,0.03571428571428571,0.03571428571428572,26.0,26.40909090909091,41,2966,0.013823331085637222
onlineshoppers,TrafficType,78,28,386,2,1,1,-1,0.03571428571428572,0.03571428571428571,24.0,25.26086956521739,36,3028,0.011889035667107
onlineshoppers,TrafficType,79,28,422,2,1,1,-1,0.035714285714285705,0.035714285714285705,28.0,28.523809523809526,38,3132,0.012132822477650063
onlineshoppers,TrafficType,80,28,367,3,1,2,-1,0.03571428571428571,0.03571428571428571,26.0,24.470588235294116,36,3048,0.011811023622047244
onlineshoppers,TrafficType,81,27,397,2,1,1,-1,0.03703703703703704,0.03703703703703704,26.5,28.375,39,2950,0.013220338983050847
onlineshoppers,TrafficType,82,28,390,3,1,1,-1,0.03571428571428572,0.035714285714285705,27.5,27.863636363636363,43,3088,0.013924870466321243
onlineshoppers,TrafficType,83,28,396,3,1,2,-1,0.03571428571428571,0.035714285714285705,28.0,26.238095238095237,32,3012,0.010624169986719787
onlineshoppers,TrafficType,84,28,384,3,1,1,-1,0.03571428571428571,0.03571428571428572,28.5,26.944444444444443,40,3076,0.013003901170351105
onlineshoppers,TrafficType,85,27,385,3,1,2,-1,0.03703703703703702,0.03703703703703703,30.0,27.952380952380953,35,3022,0.01158173395102581
onlineshoppers,TrafficType,86,28,410,3,1,2,-1,0.03571428571428571,0.03571428571428572,28.0,27.5,31,3126,0.009916826615483045
onlineshoppers,TrafficType,87,28,397,3,1,1,-1,0.03571428571428571,0.03571428571428572,28.5,27.136363636363637,40,3028,0.013210039630118891
onlineshoppers,TrafficType,88,28,401,3,1,1,-1,0.03571428571428571,0.03571428571428571,32.0,28.91304347826087,38,3082,0.012329656067488644
onlineshoppers,TrafficType,89,28,376,3,1,2,-1,0.03571428571428572,0.03571428571428571,26.0,25.2,44,3114,0.014129736673089274
onlineshoppers,TrafficType,90,28,365,3,1,2,-1,0.035714285714285705,0.03571428571428571,23.5,24.818181818181817,36,3018,0.011928429423459244
onlineshoppers,TrafficType,91,28,376,3,1,2,-1,0.03571428571428571,0.03571428571428572,26.5,25.25,37,3090,0.01197411003236246
onlineshoppers,TrafficType,92,28,402,2,1,1,-1,0.03571428571428571,0.03571428571428571,28.0,28.416666666666668,34,3022,0.011250827266710787
onlineshoppers,TrafficType,93,28,432,3,1,1,-1,0.03571428571428571,0.03571428571428571,33.5,29.708333333333332,40,3078,0.01299545159194282
onlineshoppers,TrafficType,94,27,412,2,1,2,-1,0.03703703703703704,0.037037037037037035,32.0,28.31578947368421,46,3144,0.014631043256997456
onlineshoppers,TrafficType,95,28,385,3,1,2,-1,0.03571428571428571,0.03571428571428572,25.0,24.571428571428573,46,2998,0.015343562374916611
onlineshoppers,TrafficType,96,28,406,3,1,1,-1,0.03571428571428571,0.03571428571428572,28.0,27.263157894736842,37,3126,0.011836212412028152
onlineshoppers,TrafficType,97,28,410,3,1,1,-1,0.03571428571428571,0.03571428571428572,28.0,27.523809523809526,48,3014,0.015925680159256803
onlineshoppers,TrafficType,98,28,394,3,1,2,-1,0.03571428571428571,0.03571428571428571,25.5,25.818181818181817,36,2950,0.012203389830508475
onlineshoppers,TrafficType,99,28,403,3,1,2,-1,0.03571428571428571,0.03571428571428571,29.0,28.454545454545453,36,3020,0.011920529801324504
onlineshoppers,TrafficType,100,28,380,3,1,2,-1,0.035714285714285705,0.03571428571428571,29.0,27.31578947368421,37,3026,0.012227362855254461
onlineshoppers,TrafficType,101,28,393,3,1,1,-1,0.03571428571428571,0.03571428571428572,26.0,25.727272727272727,34,3102,0.01096067053513862
onlineshoppers,TrafficType,102,28,437,2,1,1,-1,0.03571428571428571,0.03571428571428571,33.0,30.38095238095238,36,3156,0.011406844106463879
onlineshoppers,TrafficType,103,28,406,2,1,1,-1,0.03571428571428571,0.03571428571428571,29.5,27.15,44,2998,0.01467645096731154
onlineshoppers,TrafficType,104,28,437,2,1,1,-1,0.03571428571428572,0.03571428571428571,31.0,30.238095238095237,33,3104,0.010631443298969073
onlineshoppers,TrafficType,105,28,407,3,1,3,-1,0.03571428571428572,0.03571428571428572,28.0,26.347826086956523,32,3134,0.01021059349074665
onlineshoppers,TrafficType,106,28,403,3,1,2,-1,0.035714285714285705,0.03571428571428571,31.5,29.681818181818183,43,3074,0.01398828887443071
onlineshoppers,TrafficType,107,28,411,3,1,2,-1,0.03571428571428572,0.03571428571428571,31.5,29.0,41,3094,0.013251454427925016
onlineshoppers,TrafficType,108,26,398,2,1,1,-1,0.038461538461538464,0.03846153846153846,33.5,30.22222222222222,44,3030,0.014521452145214522
onlineshoppers,TrafficType,109,28,388,3,1,3,-1,0.03571428571428571,0.03571428571428571,23.0,24.68421052631579,35,3032,0.01154353562005277
onlineshoppers,TrafficType,110,28,388,3,1,3,-1,0.03571428571428571,0.035714285714285705,26.0,25.666666666666668,35,3122,0.011210762331838564
onlineshoppers,TrafficType,111,28,404,3,1,2,-1,0.03571428571428571,0.035714285714285705,28.5,26.5,36,3026,0.011896893588896233
onlineshoppers,TrafficType,112,28,425,3,1,2,-1,0.03571428571428572,0.03571428571428572,34.0,28.894736842105264,37,3074,0.012036434612882238
onlineshoppers,TrafficType,113,28,382,3,1,2,-1,0.03571428571428571,0.03571428571428571,24.0,25.523809523809526,36,2942,0.012236573759347382
onlineshoppers,TrafficType,114,27,389,2,1,1,-1,0.037037037037037035,0.037037037037037035,30.0,28.954545454545453,41,2964,0.013832658569500675
onlineshoppers,TrafficType,115,28,419,3,1,1,-1,0.035714285714285705,0.03571428571428571,32.0,28.857142857142858,40,3046,0.013131976362442548
onlineshoppers,TrafficType,116,27,388,3,1,1,-1,0.037037037037037035,0.037037037037037035,29.0,27.85,35,3052,0.011467889908256881
onlineshoppers,TrafficType,117,27,414,2,1,1,-1,0.03703703703703703,0.037037037037037035,33.5,31.636363636363637,35,2984,0.011729222520107238
onlineshoppers,TrafficType,118,28,413,3,1,1,-1,0.035714285714285705,0.03571428571428571,28.0,26.4,38,3122,0.012171684817424727
onlineshoppers,TrafficType,119,28,388,3,1,2,-1,0.03571428571428572,0.03571428571428571,29.0,26.31578947368421,36,3048,0.011811023622047244
onlineshoppers,TrafficType,120,27,375,3,1,2,-1,0.03703703703703703,0.037037037037037035,23.0,25.09090909090909,34,2964,0.011470985155195682
onlineshoppers,TrafficType,121,28,402,2,1,1,-1,0.03571428571428571,0.035714285714285705,31.0,26.761904761904763,42,3198,0.013133208255159476
onlineshoppers,TrafficType,122,28,400,3,1,1,-1,0.03571428571428571,0.03571428571428571,29.5,27.1,46,2936,0.015667574931880108
onlineshoppers,TrafficType,123,28,394,3,1,2,-1,0.03571428571428571,0.035714285714285705,28.5,26.40909090909091,40,3004,0.013315579227696404
onlineshoppers,TrafficType,124,28,408,3,1,2,-1,0.03571428571428572,0.03571428571428572,29.0,28.05263157894737,35,3014,0.011612475116124751
onlineshoppers,TrafficType,125,28,409,3,1,2,-1,0.03571428571428571,0.03571428571428571,34.5,29.9,41,3096,0.013242894056847546
onlineshoppers,TrafficType,126,28,396,3,1,1,-1,0.03571428571428572,0.035714285714285705,31.0,26.952380952380953,34,2936,0.011580381471389645
onlineshoppers,TrafficType,127,28,403,3,1,3,-1,0.03571428571428571,0.035714285714285705,29.0,26.772727272727273,38,3158,0.012032932235592146
onlineshoppers,TrafficType,128,28,451,2,1,2,-1,0.03571428571428571,0.03571428571428571,32.5,30.954545454545453,35,3190,0.0109717868338558
onlineshoppers,TrafficType,129,28,399,2,1,1,-1,0.03571428571428571,0.03571428571428572,23.5,25.6,42,3060,0.013725490196078431
onlineshoppers,TrafficType,130,28,381,3,1,2,-1,0.03571428571428572,0.03571428571428572,29.0,27.238095238095237,46,3054,0.015062213490504257
onlineshoppers,TrafficType,131,28,401,3,1,2,-1,0.03571428571428571,0.03571428571428571,29.5,26.791666666666668,42,3006,0.013972055888223553
onlineshoppers,TrafficType,132,27,403,2,1,1,-1,0.03703703703703703,0.03703703703703704,31.0,27.68421052631579,39,3042,0.01282051282051282
onlineshoppers,TrafficType,133,28,392,2,1,1,-1,0.03571428571428572,0.03571428571428571,25.5,26.0,47,3030,0.015511551155115511
onlineshoppers,TrafficType,134,28,386,3,1,1,-1,0.03571428571428571,0.03571428571428571,24.0,26.130434782608695,35,3060,0.011437908496732025
onlineshoppers,TrafficType,135,28,407,2,1,1,-1,0.035714285714285705,0.03571428571428571,32.5,30.0,36,3070,0.011726384364820847
onlineshoppers,TrafficType,136,28,403,2,1,1,-1,0.03571428571428572,0.03571428571428571,30.0,29.19047619047619,35,3048,0.011482939632545932
onlineshoppers,TrafficType,137,27,400,2,1,2,-1,0.037037037037037035,0.037037037037037056,29.0,26.36842105263158,41,3078,0.01332033788174139
onlineshoppers,TrafficType,138,28,399,3,1,2,-1,0.035714285714285705,0.03571428571428571,31.0,28.38095238095238,41,3006,0.013639387890884896
onlineshoppers,TrafficType,139,27,406,2,1,1,-1,0.03703703703703704,0.037037037037037035,32.0,30.263157894736842,32,2984,0.010723860589812333
onlineshoppers,TrafficType,140,27,416,3,1,2,-1,0.037037037037037035,0.037037037037037035,27.0,29.047619047619047,40,3060,0.013071895424836602
onlineshoppers,TrafficType,141,28,396,3,1,2,-1,0.035714285714285705,0.03571428571428571,28.0,26.19047619047619,33,3014,0.010948905109489052
onlineshoppers,TrafficType,142,27,386,3,1,2,-1,0.037037037037037035,0.037037037037037035,31.0,28.105263157894736,32,3126,0.010236724248240563
onlineshoppers,TrafficType,143,28,414,2,1,1,-1,0.03571428571428571,0.03571428571428571,30.0,29.28,41,2900,0.014137931034482758
onlineshoppers,TrafficType,144,28,405,3,1,2,-1,0.03571428571428571,0.03571428571428571,32.5,29.40909090909091,38,3180,0.011949685534591196
onlineshoppers,TrafficType,145,28,360,3,1,2,-1,0.03571428571428571,0.03571428571428571,28.0,26.5,36,2956,0.012178619756427604
onlineshoppers,TrafficType,146,27,388,2,1,2,-1,0.037037037037037035,0.03703703703703704,31.0,27.304347826086957,35,3048,0.011482939632545932
onlineshoppers,TrafficType,147,28,383,3,1,2,-1,0.03571428571428572,0.035714285714285705,29.0,26.26086956521739,39,3108,0.012548262548262547
onlineshoppers,TrafficType,148,28,399,3,1,2,-1,0.03571428571428571,0.03571428571428573,29.0,27.428571428571427,38,3154,0.012048192771084338
onlineshoppers,TrafficType,149,26,381,3,1,2,-1,0.038461538461538464,0.03846153846153845,27.0,25.65,44,3036,0.014492753623188406
onlineshoppers,TrafficType,150,28,382,3,1,2,-1,0.03571428571428571,0.03571428571428571,28.0,25.636363636363637,41,3114,0.013166345536287732
onlineshoppers,TrafficType,151,28,420,3,1,1,-1,0.03571428571428571,0.03571428571428571,28.0,27.772727272727273,30,3108,0.009652509652509652
onlineshoppers,TrafficType,152,28,399,2,1,1,-1,0.035714285714285705,0.03571428571428571,28.0,27.05,45,3106,0.014488087572440437
onlineshoppers,TrafficType,153,28,405,3,1,1,-1,0.03571428571428571,0.03571428571428572,30.0,27.608695652173914,41,3094,0.013251454427925016
onlineshoppers,TrafficType,154,27,407,3,1,1,-1,0.037037037037037035,0.037037037037037035,30.0,27.75,40,3170,0.012618296529968454
onlineshoppers,TrafficType,155,28,387,3,1,2,-1,0.03571428571428572,0.035714285714285705,30.5,28.454545454545453,40,3032,0.013192612137203167
onlineshoppers,TrafficType,156,28,369,3,1,3,-1,0.0357142857142857,0.03571428571428571,29.0,25.26086956521739,40,3058,0.013080444735120994
onlineshoppers,TrafficType,157,28,414,3,1,1,-1,0.03571428571428571,0.03571428571428572,33.0,27.952380952380953,36,3060,0.011764705882352941
onlineshoppers,TrafficType,158,28,411,3,1,2,-1,0.03571428571428572,0.03571428571428571,29.0,29.31578947368421,34,3114,0.010918432883750802
onlineshoppers,TrafficType,159,28,419,2,1,1,-1,0.03571428571428571,0.03571428571428571,32.0,30.318181818181817,34,3026,0.011235955056179775
onlineshoppers,TrafficType,160,28,398,3,1,1,-1,0.03571428571428571,0.03571428571428571,30.0,28.0,36,2982,0.012072434607645875
onlineshoppers,TrafficType,161,28,386,3,1,2,-1,0.035714285714285705,0.03571428571428572,27.5,26.35,40,3006,0.01330671989354624
onlineshoppers,TrafficType,162,27,393,3,1,2,-1,0.037037037037037035,0.03703703703703703,28.0,26.666666666666668,39,3080,0.012662337662337663
onlineshoppers,TrafficType,163,28,359,3,1,1,-1,0.035714285714285705,0.03571428571428571,23.0,23.666666666666668,43,3048,0.01410761154855643
onlineshoppers,TrafficType,164,28,399,3,1,1,-1,0.03571428571428571,0.03571428571428571,25.0,25.736842105263158,45,3222,0.013966480446927373
onlineshoppers,TrafficType,165,27,405,3,1,2,-1,0.037037037037037035,0.03703703703703704,28.5,28.25,36,3142,0.011457670273711012
onlineshoppers,TrafficType,166,28,411,3,1,2,-1,0.03571428571428571,0.03571428571428571,30.5,27.40909090909091,38,3030,0.012541254125412541
onlineshoppers,TrafficType,167,27,422,2,1,2,-1,0.03703703703703704,0.037037037037037035,34.0,31.391304347826086,32,2994,0.01068804275217101
onlineshoppers,TrafficType,168,27,412,3,1,1,-1,0.037037037037037035,0.037037037037037035,32.0,29.476190476190474,34,3242,0.010487353485502776
onlineshoppers,TrafficType,169,28,401,3,1,2,-1,0.03571428571428571,0.03571428571428572,27.0,26.80952380952381,37,3040,0.012171052631578947
onlineshoppers,TrafficType,170,28,389,3,1,2,-1,0.035714285714285705,0.03571428571428571,29.0,26.76,42,3002,0.013990672884743505
onlineshoppers,TrafficType,171,28,406,3,1,2,-1,0.035714285714285705,0.03571428571428571,27.0,27.0,38,3206,0.011852776044915784
onlineshoppers,TrafficType,172,28,383,3,1,2,-1,0.035714285714285705,0.03571428571428571,28.0,26.68421052631579,42,2986,0.01406563965170797
onlineshoppers,TrafficType,173,28,382,3,1,1,-1,0.03571428571428572,0.03571428571428573,29.0,28.105263157894736,37,3112,0.011889460154241645
onlineshoppers,TrafficType,174,28,407,2,1,1,-1,0.03571428571428571,0.03571428571428571,30.5,29.916666666666668,41,3080,0.013311688311688311
onlineshoppers,TrafficType,175,28,412,3,1,1,-1,0.03571428571428571,0.03571428571428571,31.5,29.5,46,3126,0.01471529110684581
onlineshoppers,TrafficType,176,28,433,2,1,1,-1,0.03571428571428571,0.03571428571428571,29.5,30.454545454545453,33,3086,0.01069345430978613
onlineshoppers,TrafficType,177,28,428,3,1,1,-1,0.03571428571428572,0.03571428571428571,30.0,28.666666666666668,32,3150,0.010158730158730159
onlineshoppers,TrafficType,178,28,400,3,1,2,-1,0.03571428571428571,0.03571428571428572,28.0,26.142857142857142,46,3028,0.015191545574636724
onlineshoppers,TrafficType,179,28,397,3,1,2,-1,0.03571428571428572,0.03571428571428571,32.0,29.61111111111111,47,2990,0.015719063545150503
onlineshoppers,TrafficType,180,28,381,3,1,2,-1,0.03571428571428572,0.03571428571428571,25.5,26.136363636363637,47,2924,0.016073871409028728
onlineshoppers,TrafficType,181,28,379,3,1,2,-1,0.03571428571428572,0.035714285714285705,32.0,27.304347826086957,35,3044,0.011498028909329829
onlineshoppers,TrafficType,182,28,381,3,1,1,-1,0.03571428571428571,0.035714285714285705,26.0,26.08695652173913,53,3112,0.01703084832904884
onlineshoppers,TrafficType,183,28,398,3,1,3,-1,0.03571428571428571,0.03571428571428571,27.0,25.47826086956522,39,3016,0.01293103448275862
onlineshoppers,TrafficType,184,28,419,3,1,2,-1,0.03571428571428571,0.03571428571428571,33.0,30.285714285714285,33,3122,0.01057014734144779
onlineshoppers,TrafficType,185,28,391,2,1,1,-1,0.035714285714285705,0.03571428571428571,33.5,28.7,38,3042,0.012491781722550954
onlineshoppers,TrafficType,186,28,406,3,1,1,-1,0.03571428571428572,0.03571428571428571,30.5,28.136363636363637,36,3140,0.011464968152866241
onlineshoppers,TrafficType,187,28,389,3,1,2,-1,0.03571428571428571,0.03571428571428571,30.0,28.59090909090909,37,3030,0.01221122112211221
onlineshoppers,TrafficType,188,28,398,2,1,1,-1,0.03571428571428571,0.03571428571428571,29.5,26.85,40,3058,0.013080444735120994
onlineshoppers,TrafficType,189,28,396,2,1,1,-1,0.03571428571428571,0.03571428571428571,31.5,27.65,39,3034,0.012854317732366513
onlineshoppers,TrafficType,190,28,400,3,1,2,-1,0.03571428571428572,0.03571428571428571,24.0,26.047619047619047,31,3064,0.010117493472584857
onlineshoppers,TrafficType,191,27,402,2,1,2,-1,0.03703703703703704,0.037037037037037035,29.0,29.095238095238095,39,3056,0.012761780104712041
onlineshoppers,TrafficType,192,28,430,3,1,1,-1,0.03571428571428571,0.03571428571428571,28.0,29.52173913043478,37,2966,0.012474713418745786
onlineshoppers,TrafficType,193,28,380,3,1,3,-1,0.03571428571428571,0.03571428571428571,26.0,25.5,35,2960,0.011824324324324325
onlineshoppers,TrafficType,194,28,405,3,1,3,-1,0.03571428571428572,0.03571428571428571,28.5,27.0,38,3044,0.012483574244415242
onlineshoppers,TrafficType,195,27,385,3,1,2,-1,0.03703703703703704,0.03703703703703704,28.5,28.416666666666668,50,2976,0.016801075268817203
onlineshoppers,TrafficType,196,27,405,3,1,2,-1,0.037037037037037035,0.03703703703703703,32.0,29.130434782608695,37,3042,0.012163050624589087
onlineshoppers,TrafficType,197,28,404,2,1,1,-1,0.03571428571428571,0.03571428571428572,29.5,27.6,50,3056,0.016361256544502618
onlineshoppers,TrafficType,198,28,387,3,1,3,-1,0.035714285714285705,0.03571428571428572,25.5,24.85,41,3076,0.013328998699609884
onlineshoppers,TrafficType,199,27,367,3,1,2,-1,0.03703703703703703,0.037037037037037035,29.0,26.68421052631579,42,2996,0.014018691588785047
onlineshoppers,TrafficType,200,27,398,3,1,1,-1,0.037037037037037035,0.037037037037037035,28.5,27.7,38,3110,0.012218649517684888
onlineshoppers,TrafficType,201,28,384,3,1,2,-1,0.035714285714285705,0.03571428571428573,25.5,26.363636363636363,38,3012,0.012616201859229747
onlineshoppers,TrafficType,202,28,418,3,1,1,-1,0.03571428571428572,0.03571428571428572,31.0,28.434782608695652,39,3004,0.012982689747003996
onlineshoppers,TrafficType,203,28,398,3,1,1,-1,0.03571428571428571,0.035714285714285705,28.5,28.27777777777778,36,3018,0.011928429423459244
onlineshoppers,TrafficType,204,28,411,3,1,2,-1,0.03571428571428571,0.03571428571428571,30.5,28.875,34,2952,0.011517615176151762
onlineshoppers,TrafficType,205,28,422,3,1,2,-1,0.03571428571428571,0.03571428571428572,29.5,27.863636363636363,46,3042,0.015121630506245891
onlineshoppers,TrafficType,206,27,390,3,1,3,-1,0.037037037037037035,0.037037037037037035,28.5,26.6,43,3098,0.013879922530664945
onlineshoppers,TrafficType,207,28,425,2,1,1,-1,0.03571428571428571,0.03571428571428572,29.0,29.428571428571427,38,3006,0.012641383898868928
onlineshoppers,TrafficType,208,28,400,3,1,2,-1,0.03571428571428572,0.03571428571428572,30.0,28.428571428571427,36,3090,0.011650485436893204
onlineshoppers,TrafficType,209,28,409,3,1,1,-1,0.03571428571428572,0.03571428571428571,30.0,27.043478260869566,33,3112,0.010604113110539846
onlineshoppers,TrafficType,210,27,367,3,1,3,-1,0.03703703703703704,0.037037037037037035,30.0,27.19047619047619,48,3106,0.015453960077269801
onlineshoppers,TrafficType,211,28,394,3,1,1,-1,0.035714285714285705,0.035714285714285705,32.5,28.791666666666668,45,3004,0.014980026631158456
onlineshoppers,TrafficType,212,28,420,2,1,1,-1,0.03571428571428572,0.03571428571428571,33.0,31.095238095238095,44,3070,0.014332247557003257
onlineshoppers,TrafficType,213,27,411,3,1,2,-1,0.037037037037037035,0.037037037037037035,29.0,28.904761904761905,35,3150,0.011111111111111112
onlineshoppers,TrafficType,214,27,396,2,1,1,-1,0.037037037037037035,0.03703703703703703,30.0,29.571428571428573,53,3110,0.017041800643086816
onlineshoppers,TrafficType,215,28,405,2,1,2,-1,0.03571428571428571,0.03571428571428572,27.5,26.0,31,3008,0.010305851063829786
onlineshoppers,TrafficType,216,28,396,2,1,1,-1,0.03571428571428572,0.03571428571428572,30.5,28.954545454545453,45,2850,0.015789473684210527
onlineshoppers,TrafficType,217,27,399,3,1,2,-1,0.037037037037037035,0.037037037037037035,31.0,28.38095238095238,41,3006,0.013639387890884896
onlineshoppers,TrafficType,218,28,390,3,1,1,-1,0.03571428571428571,0.03571428571428572,30.0,26.91304347826087,40,3076,0.013003901170351105
onlineshoppers,TrafficType,219,27,396,3,1,2,-1,0.037037037037037035,0.03703703703703704,33.5,29.5,46,3148,0.014612452350698857
onlineshoppers,TrafficType,220,28,402,3,1,2,-1,0.03571428571428571,0.03571428571428571,25.5,27.40909090909091,41,2966,0.013823331085637222
onlineshoppers,TrafficType,221,28,388,3,1,2,-1,0.03571428571428572,0.03571428571428571,27.5,25.38888888888889,41,2966,0.013823331085637222
onlineshoppers,TrafficType,222,28,422,3,1,2,-1,0.03571428571428571,0.03571428571428571,29.5,27.90909090909091,36,3072,0.01171875
onlineshoppers,TrafficType,223,27,345,3,1,2,-1,0.037037037037037035,0.03703703703703704,23.5,23.45,39,3046,0.012803676953381483
onlineshoppers,TrafficType,224,28,368,3,1,3,-1,0.03571428571428571,0.03571428571428571,28.0,26.347826086956523,35,3044,0.011498028909329829
onlineshoppers,TrafficType,225,28,395,3,1,1,-1,0.03571428571428571,0.03571428571428571,34.0,29.666666666666668,35,3024,0.011574074074074073
onlineshoppers,TrafficType,226,28,414,3,1,1,-1,0.03571428571428571,0.03571428571428571,30.5,27.227272727272727,37,3090,0.01197411003236246
onlineshoppers,TrafficType,227,28,432,2,1,1,-1,0.03571428571428571,0.03571428571428571,32.0,31.0,36,3040,0.011842105263157895
onlineshoppers,TrafficType,228,28,408,3,1,2,-1,0.03571428571428572,0.03571428571428571,32.0,29.857142857142858,40,3104,0.01288659793814433
onlineshoppers,TrafficType,229,28,394,3,1,1,-1,0.03571428571428571,0.03571428571428571,31.0,27.19047619047619,37,3114,0.011881824020552344
onlineshoppers,TrafficType,230,28,409,3,1,1,-1,0.03571428571428571,0.03571428571428572,27.0,25.944444444444443,43,2974,0.014458641560188298
onlineshoppers,TrafficType,231,27,398,3,1,2,-1,0.03703703703703704,0.03703703703703704,28.5,27.727272727272727,36,2990,0.012040133779264214
onlineshoppers,TrafficType,232,26,373,2,1,2,-1,0.03846153846153846,0.03846153846153847,27.5,26.454545454545453,47,2978,0.0157824042981867
onlineshoppers,TrafficType,233,27,372,3,1,2,-1,0.03703703703703704,0.037037037037037035,27.0,25.904761904761905,38,2994,0.012692050768203072
onlineshoppers,TrafficType,234,28,414,3,1,1,-1,0.03571428571428572,0.03571428571428572,32.0,30.38095238095238,37,3086,0.011989630589760207
onlineshoppers,TrafficType,235,28,425,3,1,1,-1,0.03571428571428571,0.03571428571428571,34.0,30.47826086956522,35,3158,0.011082963901203294
onlineshoppers,TrafficType,236,28,387,3,1,2,-1,0.03571428571428571,0.03571428571428571,29.0,27.47826086956522,40,3058,0.013080444735120994
onlineshoppers,TrafficType,237,28,428,2,1,1,-1,0.03571428571428571,0.03571428571428572,32.0,30.571428571428573,40,3106,0.0128783000643915
onlineshoppers,TrafficType,238,28,400,3,1,2,-1,0.03571428571428573,0.03571428571428571,32.0,28.608695652173914,41,3126,0.013115802943058221
onlineshoppers,TrafficType,239,28,404,3,1,2,-1,0.03571428571428572,0.03571428571428571,30.0,27.869565217391305,38,2988,0.012717536813922356
onlineshoppers,TrafficType,240,28,404,3,1,1,-1,0.03571428571428571,0.03571428571428571,30.0,28.17391304347826,35,3036,0.01152832674571805
onlineshoppers,TrafficType,241,28,380,3,1,2,-1,0.03571428571428571,0.03571428571428572,30.5,27.954545454545453,44,3188,0.013801756587202008
onlineshoppers,TrafficType,242,28,394,3,1,2,-1,0.03571428571428572,0.03571428571428572,27.0,27.571428571428573,39,3034,0.012854317732366513
onlineshoppers,TrafficType,243,28,403,3,1,1,-1,0.03571428571428571,0.03571428571428572,30.5,28.75,38,2998,0.012675116744496331
onlineshoppers,TrafficType,244,27,405,3,1,2,-1,0.03703703703703703,0.037037037037037035,31.5,28.1,40,3014,0.013271400132714002
onlineshoppers,TrafficType,245,28,398,2,1,1,-1,0.03571428571428572,0.03571428571428572,28.0,27.894736842105264,46,3026,0.01520158625247852
onlineshoppers,TrafficType,246,28,394,2,1,1,-1,0.03571428571428572,0.03571428571428571,27.0,27.61111111111111,44,3010,0.014617940199335547
onlineshoppers,TrafficType,247,28,410,3,1,1,-1,0.035714285714285705,0.03571428571428571,32.5,27.791666666666668,43,3150,0.013650793650793651
onlineshoppers,TrafficType,248,28,393,3,1,2,-1,0.03571428571428571,0.03571428571428571,26.0,25.85,46,2964,0.0155195681511471
onlineshoppers,TrafficType,249,28,418,3,1,2,-1,0.03571428571428571,0.03571428571428571,29.0,29.73913043478261,34,3070,0.011074918566775244
onlineshoppers,TrafficType,250,28,426,2,1,1,-1,0.03571428571428572,0.03571428571428572,31.0,30.523809523809526,35,3004,0.011651131824234355
onlineshoppers,TrafficType,251,28,367,3,1,3,-1,0.03571428571428571,0.03571428571428571,27.0,25.05263157894737,43,3140,0.013694267515923567
onlineshoppers,TrafficType,252,28,385,3,1,2,-1,0.03571428571428572,0.03571428571428571,29.0,26.904761904761905,35,2922,0.011978097193702943
onlineshoppers,TrafficType,253,27,396,3,1,2,-1,0.037037037037037035,0.03703703703703704,29.5,27.545454545454547,38,3032,0.012532981530343008
onlineshoppers,TrafficType,254,28,374,3,1,2,-1,0.03571428571428571,0.0357142857142857,26.0,24.857142857142858,35,3058,0.01144538914323087
onlineshoppers,TrafficType,255,28,364,3,1,2,-1,0.03571428571428571,0.03571428571428571,27.0,26.38095238095238,43,2962,0.01451721809588116
onlineshoppers,TrafficType,256,27,361,3,1,3,-1,0.037037037037037035,0.037037037037037035,27.0,25.727272727272727,39,3048,0.012795275590551181
onlineshoppers,TrafficType,257,28,437,2,1,1,-1,0.035714285714285705,0.03571428571428571,30.0,30.73913043478261,47,3006,0.015635395874916833
onlineshoppers,TrafficType,258,28,395,3,1,3,-1,0.03571428571428571,0.03571428571428571,34.0,30.7,34,3178,0.010698552548772814
onlineshoppers,TrafficType,259,27,374,2,1,1,-1,0.037037037037037035,0.03703703703703704,25.0,25.652173913043477,39,2982,0.013078470824949699
onlineshoppers,TrafficType,260,28,419,2,1,1,-1,0.03571428571428571,0.03571428571428571,25.5,28.227272727272727,34,3072,0.011067708333333334
onlineshoppers,TrafficType,261,28,413,2,1,1,-1,0.03571428571428571,0.03571428571428571,26.0,27.571428571428573,34,3028,0.011228533685601057
onlineshoppers,TrafficType,262,28,355,3,1,1,-1,0.03571428571428571,0.03571428571428572,23.5,24.35,43,3074,0.01398828887443071
onlineshoppers,TrafficType,263,28,409,3,1,2,-1,0.03571428571428571,0.03571428571428573,27.0,28.0,39,2948,0.013229308005427409
onlineshoppers,TrafficType,264,28,419,3,1,1,-1,0.03571428571428572,0.03571428571428571,33.0,29.782608695652176,35,3030,0.01155115511551155
onlineshoppers,TrafficType,265,28,414,3,1,2,-1,0.03571428571428571,0.03571428571428571,27.0,26.42105263157895,36,3100,0.011612903225806452
onlineshoppers,TrafficType,266,28,375,3,1,2,-1,0.03571428571428571,0.035714285714285705,24.0,25.333333333333332,35,2982,0.011737089201877934
onlineshoppers,TrafficType,267,27,385,2,1,1,-1,0.037037037037037035,0.037037037037037035,30.5,27.791666666666668,48,3018,0.015904572564612324
onlineshoppers,TrafficType,268,27,384,3,1,1,-1,0.03703703703703704,0.037037037037037035,27.0,26.0,37,3142,0.011775938892425206
onlineshoppers,TrafficType,269,28,396,3,1,2,-1,0.03571428571428573,0.03571428571428571,28.5,27.636363636363637,33,3116,0.010590500641848523
onlineshoppers,TrafficType,270,28,392,3,1,2,-1,0.03571428571428571,0.03571428571428571,33.0,28.65,40,3074,0.013012361743656473
onlineshoppers,TrafficType,271,28,384,3,1,2,-1,0.035714285714285705,0.03571428571428572,30.5,28.3,42,2990,0.014046822742474917
onlineshoppers,TrafficType,272,28,393,3,1,2,-1,0.03571428571428572,0.035714285714285705,27.0,26.476190476190474,41,3086,0.013285806869734284
onlineshoppers,TrafficType,273,28,380,3,1,2,-1,0.03571428571428571,0.03571428571428573,29.0,25.52,38,3054,0.012442698100851343
onlineshoppers,TrafficType,274,28,397,3,1,2,-1,0.03571428571428571,0.03571428571428571,29.0,27.043478260869566,36,2960,0.012162162162162163
onlineshoppers,TrafficType,275,27,378,3,1,2,-1,0.037037037037037035,0.037037037037037035,29.0,26.952380952380953,46,2944,0.015625
onlineshoppers,TrafficType,276,28,393,3,1,1,-1,0.03571428571428571,0.035714285714285705,31.0,27.842105263157894,35,3044,0.011498028909329829
onlineshoppers,TrafficType,277,28,379,3,1,2,-1,0.035714285714285705,0.03571428571428571,30.5,27.727272727272727,36,2986,0.012056262558606833
onlineshoppers,TrafficType,278,28,413,3,1,2,-1,0.03571428571428571,0.03571428571428571,28.0,28.047619047619047,40,3082,0.012978585334198572
onlineshoppers,TrafficType,279,27,409,3,1,1,-1,0.037037037037037035,0.037037037037037035,30.5,27.85,41,3132,0.013090676883780333
onlineshoppers,TrafficType,280,28,371,2,1,2,-1,0.03571428571428571,0.03571428571428571,29.5,26.0,38,3140,0.012101910828025478
onlineshoppers,TrafficType,281,28,391,3,1,2,-1,0.03571428571428571,0.03571428571428571,27.0,25.476190476190474,44,3172,0.013871374527112233
onlineshoppers,TrafficType,282,28,417,3,1,1,-1,0.03571428571428571,0.03571428571428572,33.0,31.217391304347824,36,3148,0.011435832274459974
onlineshoppers,TrafficType,283,28,407,3,1,1,-1,0.03571428571428572,0.035714285714285705,29.0,27.56,45,3030,0.01485148514851485
onlineshoppers,TrafficType,284,28,390,3,1,2,-1,0.03571428571428571,0.03571428571428571,30.5,27.208333333333332,34,3000,0.011333333333333334
onlineshoppers,TrafficType,285,28,400,3,1,1,-1,0.03571428571428572,0.03571428571428572,32.5,28.61111111111111,40,3098,0.012911555842479019
onlineshoppers,TrafficType,286,28,407,3,1,1,-1,0.03571428571428571,0.03571428571428571,29.0,26.217391304347824,39,2988,0.013052208835341365
onlineshoppers,TrafficType,287,28,393,3,1,2,-1,0.03571428571428571,0.03571428571428571,25.0,25.736842105263158,39,3036,0.012845849802371542
onlineshoppers,TrafficType,288,27,382,3,1,2,-1,0.037037037037037035,0.03703703703703704,25.5,26.40909090909091,43,3038,0.014154048716260697
onlineshoppers,TrafficType,289,27,400,3,1,1,-1,0.03703703703703703,0.037037037037037035,28.0,27.42105263157895,40,3228,0.012391573729863693
onlineshoppers,TrafficType,290,28,398,4,1,3,-1,0.035714285714285705,0.03571428571428572,32.0,28.434782608695652,40,3090,0.012944983818770227
onlineshoppers,TrafficType,291,28,414,3,1,2,-1,0.03571428571428571,0.03571428571428571,30.5,28.5,37,3062,0.012083605486610059
onlineshoppers,TrafficType,292,27,411,2,1,1,-1,0.037037037037037035,0.037037037037037035,29.5,29.5,36,3038,0.01184990125082291
onlineshoppers,TrafficType,293,28,423,3,1,1,-1,0.03571428571428571,0.03571428571428571,27.0,27.782608695652176,33,3058,0.01079136690647482
onlineshoppers,TrafficType,294,28,396,3,1,1,-1,0.03571428571428571,0.03571428571428571,32.0,28.333333333333332,40,2890,0.01384083044982699
onlineshoppers,TrafficType,295,27,416,3,1,2,-1,0.037037037037037035,0.037037037037037035,34.0,31.428571428571427,41,3036,0.013504611330698288
onlineshoppers,TrafficType,296,28,442,3,1,2,-1,0.035714285714285705,0.035714285714285705,32.5,30.681818181818183,43,3164,0.01359039190897598
onlineshoppers,TrafficType,297,28,441,2,1,1,-1,0.03571428571428572,0.03571428571428571,33.0,30.210526315789473,34,3212,0.010585305105853052
onlineshoppers,TrafficType,298,27,397,2,1,1,-1,0.03703703703703704,0.037037037037037035,29.0,28.333333333333332,44,2984,0.014745308310991957
onlineshoppers,TrafficType,299,27,403,3,1,1,-1,0.037037037037037035,0.037037037037037035,30.0,28.80952380952381,43,2956,0.014546684709066306
onlineshoppers,VisitorType,0,28,424,2,1,1,-1,0.03571428571428572,0.035714285714285705,32.0,29.363636363636363,37,3140,0.01178343949044586
onlineshoppers,VisitorType,1,28,452,2,1,1,-1,0.03571428571428571,0.03571428571428572,31.0,31.285714285714285,33,3036,0.010869565217391304
onlineshoppers,VisitorType,2,28,437,2,1,1,-1,0.03571428571428571,0.03571428571428572,30.5,31.208333333333332,36,3040,0.011842105263157895
onlineshoppers,VisitorType,3,28,403,2,1,1,-1,0.03571428571428571,0.03571428571428571,30.0,28.565217391304348,41,3128,0.013107416879795396
onlineshoppers,VisitorType,4,28,419,3,1,1,-1,0.03571428571428571,0.03571428571428571,29.5,29.153846153846153,38,2970,0.012794612794612794
onlineshoppers,VisitorType,5,28,445,2,1,1,-1,0.03571428571428572,0.03571428571428572,30.0,29.0,31,3012,0.010292164674634794
onlineshoppers,VisitorType,6,28,418,3,1,3,-1,0.035714285714285705,0.03571428571428571,31.0,29.32,39,3136,0.012436224489795918
onlineshoppers,VisitorType,7,28,428,3,1,2,-1,0.03571428571428571,0.03571428571428571,29.5,29.59090909090909,44,3060,0.01437908496732026
onlineshoppers,VisitorType,8,28,450,2,1,1,-1,0.03571428571428571,0.03571428571428571,30.0,30.894736842105264,40,2978,0.013431833445265278
onlineshoppers,VisitorType,9,28,434,2,1,1,-1,0.03571428571428571,0.03571428571428572,27.5,28.0,39,3028,0.012879788639365918
onlineshoppers,VisitorType,10,28,422,2,1,1,-1,0.03571428571428572,0.03571428571428571,32.0,30.565217391304348,49,3076,0.015929778933680104
onlineshoppers,VisitorType,11,28,433,2,1,1,-1,0.035714285714285705,0.03571428571428572,31.0,30.82608695652174,40,3096,0.012919896640826873
onlineshoppers,VisitorType,12,28,428,3,1,2,-1,0.03571428571428571,0.035714285714285705,26.5,27.85,48,3104,0.015463917525773196
onlineshoppers,VisitorType,13,28,455,2,1,1,-1,0.03571428571428571,0.03571428571428571,29.5,30.454545454545453,42,3082,0.0136275146009085
onlineshoppers,VisitorType,14,28,436,2,1,1,-1,0.035714285714285705,0.03571428571428571,34.0,31.476190476190474,33,3090,0.010679611650485437
onlineshoppers,VisitorType,15,28,415,3,1,1,-1,0.03571428571428572,0.03571428571428572,30.0,29.0,41,3092,0.013260025873221216
onlineshoppers,VisitorType,16,28,449,2,1,1,-1,0.03571428571428572,0.03571428571428571,29.0,29.0,30,3164,0.009481668773704172
onlineshoppers,VisitorType,17,28,420,2,1,1,-1,0.03571428571428571,0.035714285714285705,24.5,27.727272727272727,33,2984,0.011058981233243968
onlineshoppers,VisitorType,18,28,427,2,1,1,-1,0.03571428571428571,0.03571428571428571,32.0,29.84,46,3052,0.01507208387942333
onlineshoppers,VisitorType,19,28,404,3,1,3,-1,0.03571428571428571,0.03571428571428571,30.5,28.181818181818183,37,3032,0.012203166226912929
onlineshoppers,VisitorType,20,28,428,3,1,2,-1,0.03571428571428571,0.03571428571428571,32.0,29.047619047619047,38,3114,0.012202954399486191
onlineshoppers,VisitorType,21,28,408,3,1,2,-1,0.035714285714285705,0.03571428571428571,29.0,28.91304347826087,39,3044,0.012812089356110381
onlineshoppers,VisitorType,22,28,452,2,1,1,-1,0.03571428571428572,0.03571428571428571,30.5,31.35,38,3044,0.012483574244415242
onlineshoppers,VisitorType,23,28,428,2,1,2,-1,0.03571428571428573,0.03571428571428571,32.0,30.142857142857142,36,3168,0.011363636363636364
onlineshoppers,VisitorType,24,28,386,3,1,2,-1,0.035714285714285705,0.03571428571428571,28.5,27.545454545454547,34,3066,0.011089367253750815
onlineshoppers,VisitorType,25,28,433,3,1,1,-1,0.03571428571428571,0.035714285714285705,32.0,29.91304347826087,42,3094,0.013574660633484163
onlineshoppers,VisitorType,26,28,417,2,1,1,-1,0.03571428571428572,0.03571428571428571,29.5,29.083333333333332,40,3114,0.012845215157353885
onlineshoppers,VisitorType,27,28,446,3,1,1,-1,0.03571428571428572,0.03571428571428571,30.0,30.954545454545453,32,3024,0.010582010582010581
onlineshoppers,VisitorType,28,28,362,3,1,1,-1,0.03571428571428571,0.035714285714285705,29.0,25.869565217391305,32,3072,0.010416666666666666
onlineshoppers,VisitorType,29,28,428,3,1,2,-1,0.03571428571428571,0.03571428571428571,33.5,30.954545454545453,53,3210,0.016510903426791276
onlineshoppers,VisitorType,30,28,435,2,1,1,-1,0.03571428571428571,0.03571428571428571,28.0,29.238095238095237,38,3114,0.012202954399486191
onlineshoppers,VisitorType,31,28,410,3,1,2,-1,0.035714285714285705,0.03571428571428572,34.0,29.875,43,3078,0.01397011046133853
onlineshoppers,VisitorType,32,28,446,2,1,1,-1,0.035714285714285705,0.03571428571428571,33.0,32.0,37,3066,0.012067840834964122
onlineshoppers,VisitorType,33,28,429,3,1,2,-1,0.03571428571428571,0.03571428571428571,28.0,28.88888888888889,45,3050,0.014754098360655738
onlineshoppers,VisitorType,34,28,460,2,1,1,-1,0.035714285714285705,0.03571428571428572,33.5,32.85,34,3196,0.010638297872340425
onlineshoppers,VisitorType,35,28,399,3,1,2,-1,0.03571428571428571,0.03571428571428572,28.5,27.09090909090909,38,3122,0.012171684817424727
onlineshoppers,VisitorType,36,28,446,2,1,1,-1,0.03571428571428572,0.03571428571428571,31.0,30.0,38,3172,0.01197982345523329
onlineshoppers,VisitorType,37,28,387,3,1,3,-1,0.035714285714285705,0.03571428571428571,26.0,25.045454545454547,48,3026,0.015862524785194978
onlineshoppers,VisitorType,38,28,393,3,1,2,-1,0.03571428571428571,0.03571428571428571,27.0,25.57894736842105,37,2986,0.012391158740790355
onlineshoppers,VisitorType,39,28,424,3,1,2,-1,0.03571428571428571,0.03571428571428571,30.0,28.347826086956523,35,3000,0.011666666666666667
onlineshoppers,VisitorType,40,28,443,2,1,1,-1,0.03571428571428571,0.035714285714285705,32.0,32.30434782608695,32,3064,0.010443864229765013
onlineshoppers,VisitorType,41,28,439,3,1,2,-1,0.03571428571428572,0.03571428571428571,29.0,28.0,40,3128,0.01278772378516624
onlineshoppers,VisitorType,42,28,417,3,1,1,-1,0.035714285714285705,0.03571428571428571,30.0,28.083333333333332,35,3104,0.011275773195876288
onlineshoppers,VisitorType,43,28,446,2,1,1,-1,0.03571428571428571,0.03571428571428571,32.5,31.95,37,3002,0.012325116588940706
onlineshoppers,VisitorType,44,28,430,3,1,2,-1,0.03571428571428572,0.03571428571428571,31.5,29.59090909090909,41,3148,0.013024142312579416
onlineshoppers,VisitorType,45,28,413,3,1,2,-1,0.03571428571428571,0.03571428571428571,28.5,28.5,45,3126,0.014395393474088292
onlineshoppers,VisitorType,46,28,434,3,1,1,-1,0.03571428571428571,0.03571428571428571,31.0,28.36842105263158,39,3124,0.012483994878361075
onlineshoppers,VisitorType,47,27,415,2,1,1,-1,0.037037037037037035,0.03703703703703703,30.0,29.05263157894737,31,3078,0.010071474983755685
onlineshoppers,VisitorType,48,28,435,2,1,1,-1,0.03571428571428571,0.03571428571428571,30.0,29.666666666666668,35,2982,0.011737089201877934
onlineshoppers,VisitorType,49,28,428,2,1,1,-1,0.03571428571428572,0.03571428571428571,29.0,29.304347826086957,42,2958,0.014198782961460446
onlineshoppers,VisitorType,50,28,422,2,1,1,-1,0.03571428571428571,0.03571428571428572,31.0,30.15,41,3056,0.013416230366492147
onlineshoppers,VisitorType,51,28,447,2,1,2,-1,0.03571428571428571,0.03571428571428571,35.0,31.681818181818183,43,3096,0.013888888888888888
onlineshoppers,VisitorType,52,28,430,3,1,2,-1,0.03571428571428572,0.035714285714285705,31.0,29.818181818181817,38,3046,0.01247537754432042
onlineshoppers,VisitorType,53,28,458,2,1,1,-1,0.03571428571428571,0.03571428571428572,28.0,30.0,38,3056,0.012434554973821989
onlineshoppers,VisitorType,54,28,402,3,1,2,-1,0.03571428571428571,0.03571428571428571,32.0,28.791666666666668,41,3032,0.013522427440633245
onlineshoppers,VisitorType,55,28,397,2,1,2,-1,0.03571428571428572,0.03571428571428572,27.0,26.9,45,2984,0.015080428954423592
onlineshoppers,VisitorType,56,28,439,2,1,1,-1,0.03571428571428571,0.03571428571428571,31.0,30.0,35,3146,0.01112523839796567
onlineshoppers,VisitorType,57,27,426,2,1,1,-1,0.03703703703703703,0.037037037037037035,30.0,31.5,49,3078,0.015919428200129954
onlineshoppers,VisitorType,58,27,447,2,1,1,-1,0.03703703703703703,0.03703703703703704,32.0,31.545454545454547,34,3004,0.011318242343541944
onlineshoppers,VisitorType,59,28,386,3,1,2,-1,0.03571428571428572,0.03571428571428571,26.0,26.90909090909091,42,3128,0.013427109974424553
onlineshoppers,VisitorType,60,28,439,2,1,1,-1,0.03571428571428571,0.03571428571428572,32.0,30.61904761904762,38,3080,0.012337662337662338
onlineshoppers,VisitorType,61,28,417,2,1,1,-1,0.03571428571428573,0.03571428571428571,33.0,29.65,34,3130,0.010862619808306708
onlineshoppers,VisitorType,62,28,414,3,1,1,-1,0.03571428571428571,0.035714285714285705,30.5,29.5,38,3002,0.012658227848101266
onlineshoppers,VisitorType,63,28,407,2,1,2,-1,0.03571428571428571,0.03571428571428572,25.0,27.42105263157895,41,3028,0.013540290620871863
onlineshoppers,VisitorType,64,28,427,2,1,1,-1,0.03571428571428571,0.03571428571428572,28.0,28.91304347826087,39,3088,0.012629533678756476
onlineshoppers,VisitorType,65,28,425,2,1,1,-1,0.035714285714285705,0.03571428571428571,32.0,29.333333333333332,41,3120,0.013141025641025641
onlineshoppers,VisitorType,66,28,425,2,1,1,-1,0.035714285714285705,0.035714285714285705,27.5,28.61111111111111,34,3050,0.011147540983606558
onlineshoppers,VisitorType,67,28,420,3,1,1,-1,0.03571428571428571,0.03571428571428571,26.5,27.5,38,3202,0.011867582760774516
onlineshoppers,VisitorType,68,28,425,3,1,1,-1,0.03571428571428572,0.035714285714285705,31.0,30.095238095238095,37,3024,0.012235449735449735
onlineshoppers,VisitorType,69,28,433,2,1,1,-1,0.03571428571428571,0.03571428571428571,32.5,31.23076923076923,34,3040,0.01118421052631579
onlineshoppers,VisitorType,70,28,429,2,1,1,-1,0.03571428571428572,0.03571428571428571,33.5,30.9,37,3002,0.012325116588940706
onlineshoppers,VisitorType,71,28,440,2,1,1,-1,0.035714285714285705,0.03571428571428571,28.5,28.90909090909091,38,3086,0.012313674659753726
onlineshoppers,VisitorType,72,28,431,2,1,1,-1,0.03571428571428571,0.03571428571428571,31.5,31.272727272727273,36,2958,0.012170385395537525
onlineshoppers,VisitorType,73,28,424,2,1,1,-1,0.03571428571428571,0.035714285714285705,29.5,28.863636363636363,41,3020,0.013576158940397352
onlineshoppers,VisitorType,74,28,433,2,1,1,-1,0.03571428571428571,0.035714285714285705,30.5,30.7,41,2990,0.0137123745819398
onlineshoppers,VisitorType,75,28,429,3,1,2,-1,0.03571428571428571,0.03571428571428571,31.0,30.391304347826086,38,2976,0.012768817204301076
onlineshoppers,VisitorType,76,28,412,3,1,1,-1,0.03571428571428571,0.03571428571428572,28.5,28.545454545454547,37,3028,0.012219286657859974
onlineshoppers,VisitorType,77,28,426,2,1,2,-1,0.035714285714285705,0.03571428571428572,33.0,31.045454545454547,39,3038,0.012837393021724819
onlineshoppers,VisitorType,78,28,390,3,1,3,-1,0.03571428571428571,0.03571428571428572,32.0,28.94736842105263,37,3096,0.011950904392764857
onlineshoppers,VisitorType,79,28,451,2,1,1,-1,0.03571428571428571,0.035714285714285705,29.0,29.470588235294116,42,3034,0.013843111404087014
onlineshoppers,VisitorType,80,28,410,3,1,1,-1,0.03571428571428572,0.03571428571428572,27.0,27.285714285714285,39,3058,0.012753433616742969
onlineshoppers,VisitorType,81,28,372,3,1,2,-1,0.03571428571428571,0.03571428571428571,25.5,24.181818181818183,34,3078,0.011046133853151396
onlineshoppers,VisitorType,82,28,445,2,1,1,-1,0.03571428571428571,0.03571428571428571,30.5,30.5,43,3118,0.013790891597177678
onlineshoppers,VisitorType,83,28,405,2,1,2,-1,0.03571428571428572,0.03571428571428571,27.0,28.0,41,3162,0.012966476913345983
onlineshoppers,VisitorType,84,28,445,2,1,1,-1,0.03571428571428572,0.03571428571428571,28.5,29.90909090909091,43,3116,0.0137997432605905
onlineshoppers,VisitorType,85,28,420,3,1,1,-1,0.03571428571428571,0.03571428571428572,32.0,31.0,46,3040,0.015131578947368421
onlineshoppers,VisitorType,86,27,403,3,1,1,-1,0.037037037037037035,0.037037037037037035,28.5,29.318181818181817,31,3016,0.010278514588859417
onlineshoppers,VisitorType,87,28,406,3,1,1,-1,0.03571428571428571,0.03571428571428571,31.0,28.272727272727273,40,3068,0.01303780964797914
onlineshoppers,VisitorType,88,28,425,2,1,1,-1,0.035714285714285705,0.03571428571428572,29.0,28.73913043478261,43,3132,0.013729246487867178
onlineshoppers,VisitorType,89,28,436,3,1,1,-1,0.03571428571428571,0.03571428571428571,31.5,31.666666666666668,38,3038,0.012508229098090849
onlineshoppers,VisitorType,90,28,427,3,1,2,-1,0.03571428571428571,0.03571428571428571,28.5,28.65,38,3128,0.012148337595907928
onlineshoppers,VisitorType,91,28,424,2,1,2,-1,0.03571428571428571,0.035714285714285705,30.5,29.15,35,3036,0.01152832674571805
onlineshoppers,VisitorType,92,28,433,2,1,1,-1,0.03571428571428572,0.03571428571428572,30.0,30.047619047619047,33,3030,0.01089108910891089
onlineshoppers,VisitorType,93,28,442,2,1,1,-1,0.03571428571428571,0.03571428571428572,31.5,31.208333333333332,40,3098,0.012911555842479019
onlineshoppers,VisitorType,94,28,432,2,1,2,-1,0.03571428571428571,0.03571428571428572,31.0,30.1,44,3076,0.014304291287386216
onlineshoppers,VisitorType,95,28,408,3,1,1,-1,0.03571428571428571,0.035714285714285705,29.5,28.833333333333332,40,3054,0.01309757694826457
onlineshoppers,VisitorType,96,28,424,3,1,2,-1,0.03571428571428572,0.03571428571428572,29.5,27.772727272727273,37,3040,0.012171052631578947
onlineshoppers,VisitorType,97,28,390,3,1,2,-1,0.03571428571428571,0.03571428571428571,27.0,27.083333333333332,44,3184,0.013819095477386936
onlineshoppers,VisitorType,98,28,417,3,1,1,-1,0.03571428571428572,0.03571428571428572,27.0,27.047619047619047,36,3272,0.011002444987775062
onlineshoppers,VisitorType,99,27,436,2,1,2,-1,0.037037037037037035,0.037037037037037035,31.5,30.6,34,3136,0.010841836734693877
onlineshoppers,VisitorType,100,28,433,2,1,2,-1,0.03571428571428571,0.03571428571428571,32.0,30.68421052631579,37,3126,0.011836212412028152
onlineshoppers,VisitorType,101,28,386,3,1,1,-1,0.03571428571428571,0.03571428571428571,28.0,26.08695652173913,36,2986,0.012056262558606833
onlineshoppers,VisitorType,102,28,402,3,1,2,-1,0.035714285714285705,0.03571428571428571,28.0,27.952380952380953,45,3208,0.014027431421446385
onlineshoppers,VisitorType,103,28,395,3,1,2,-1,0.03571428571428571,0.03571428571428571,28.0,27.761904761904763,35,3060,0.011437908496732025
onlineshoppers,VisitorType,104,28,411,3,1,1,-1,0.03571428571428571,0.03571428571428571,28.5,27.136363636363637,41,2952,0.013888888888888888
onlineshoppers,VisitorType,105,28,443,2,1,1,-1,0.03571428571428571,0.03571428571428571,36.5,34.22727272727273,46,3098,0.014848289218850872
onlineshoppers,VisitorType,106,28,426,3,1,2,-1,0.03571428571428571,0.035714285714285705,29.5,28.65,36,3096,0.011627906976744186
onlineshoppers,VisitorType,107,27,429,2,1,1,-1,0.037037037037037035,0.03703703703703704,33.5,32.13636363636363,37,2884,0.012829403606102635
onlineshoppers,VisitorType,108,28,422,2,1,2,-1,0.035714285714285705,0.035714285714285705,29.0,28.285714285714285,31,3054,0.010150622134905042
onlineshoppers,VisitorType,109,28,380,3,1,2,-1,0.03571428571428572,0.03571428571428571,28.0,26.526315789473685,47,3136,0.014987244897959183
onlineshoppers,VisitorType,110,28,369,3,1,3,-1,0.035714285714285705,0.03571428571428571,26.0,24.454545454545453,34,3024,0.011243386243386243
onlineshoppers,VisitorType,111,28,405,2,1,2,-1,0.03571428571428571,0.03571428571428572,28.5,27.0,38,2994,0.012692050768203072
onlineshoppers,VisitorType,112,28,441,2,1,1,-1,0.035714285714285705,0.03571428571428571,31.0,30.6,44,2968,0.014824797843665768
onlineshoppers,VisitorType,113,28,458,3,1,1,-1,0.03571428571428571,0.03571428571428571,32.5,30.75,39,3168,0.01231060606060606
onlineshoppers,VisitorType,114,28,411,2,1,1,-1,0.03571428571428572,0.03571428571428571,25.0,26.714285714285715,43,3066,0.014024787997390736
onlineshoppers,VisitorType,115,28,435,3,1,1,-1,0.03571428571428571,0.03571428571428571,30.5,29.0,36,3136,0.011479591836734694
onlineshoppers,VisitorType,116,28,415,3,1,2,-1,0.035714285714285705,0.035714285714285705,25.5,27.636363636363637,36,3150,0.011428571428571429
onlineshoppers,VisitorType,117,28,420,3,1,1,-1,0.03571428571428571,0.03571428571428572,30.0,29.2,40,2974,0.013449899125756557
onlineshoppers,VisitorType,118,27,413,2,1,1,-1,0.03703703703703704,0.037037037037037035,32.0,30.17391304347826,47,3028,0.015521796565389696
onlineshoppers,VisitorType,119,28,461,2,1,1,-1,0.03571428571428571,0.03571428571428571,31.0,30.88888888888889,42,3120,0.013461538461538462
onlineshoppers,VisitorType,120,28,385,3,1,1,-1,0.03571428571428571,0.03571428571428572,23.0,24.714285714285715,36,3028,0.011889035667107
onlineshoppers,VisitorType,121,28,418,3,1,1,-1,0.03571428571428571,0.03571428571428572,28.0,28.8,44,3074,0.014313597918022121
onlineshoppers,VisitorType,122,28,423,3,1,2,-1,0.03571428571428571,0.035714285714285705,29.0,27.142857142857142,44,3074,0.014313597918022121
onlineshoppers,VisitorType,123,28,446,2,1,1,-1,0.03571428571428572,0.03571428571428571,34.0,31.82608695652174,37,3096,0.011950904392764857
onlineshoppers,VisitorType,124,28,424,3,1,2,-1,0.03571428571428571,0.0357142857142857,27.5,26.6,32,3014,0.010617120106171201
onlineshoppers,VisitorType,125,28,429,2,1,1,-1,0.03571428571428571,0.03571428571428571,30.0,28.428571428571427,34,3130,0.010862619808306708
onlineshoppers,VisitorType,126,28,425,2,1,1,-1,0.03571428571428572,0.03571428571428571,34.0,31.210526315789473,46,2970,0.015488215488215488
onlineshoppers,VisitorType,127,28,421,2,1,2,-1,0.03571428571428571,0.035714285714285705,30.0,28.772727272727273,44,3060,0.01437908496732026
onlineshoppers,VisitorType,128,28,425,3,1,1,-1,0.03571428571428573,0.03571428571428571,31.0,29.47826086956522,41,3194,0.012836568566061366
onlineshoppers,VisitorType,129,28,442,2,1,1,-1,0.03571428571428572,0.03571428571428572,30.5,30.25,47,3086,0.0152300712896954
onlineshoppers,VisitorType,130,28,410,3,1,1,-1,0.03571428571428571,0.03571428571428572,30.0,28.48,39,3122,0.012491992312620116
onlineshoppers,VisitorType,131,28,427,3,1,1,-1,0.0357142857142857,0.03571428571428571,31.0,29.285714285714285,40,2924,0.013679890560875513
onlineshoppers,VisitorType,132,28,426,2,1,1,-1,0.03571428571428571,0.03571428571428572,29.0,29.444444444444443,34,3092,0.010996119016817595
onlineshoppers,VisitorType,133,28,445,2,1,1,-1,0.03571428571428571,0.03571428571428572,30.0,30.476190476190474,39,3082,0.012654120700843608
onlineshoppers,VisitorType,134,28,450,3,1,1,-1,0.03571428571428571,0.03571428571428571,29.5,31.318181818181817,39,3078,0.012670565302144249
onlineshoppers,VisitorType,135,28,455,2,1,1,-1,0.03571428571428572,0.035714285714285705,33.0,31.727272727272727,39,3110,0.012540192926045015
onlineshoppers,VisitorType,136,28,442,2,1,1,-1,0.03571428571428571,0.03571428571428571,29.0,30.52173913043478,43,3086,0.013933895009721323
onlineshoppers,VisitorType,137,28,424,2,1,1,-1,0.03571428571428571,0.03571428571428571,29.5,29.227272727272727,45,3076,0.014629388816644993
onlineshoppers,VisitorType,138,27,409,3,1,1,-1,0.037037037037037035,0.03703703703703704,33.0,30.238095238095237,36,2996,0.012016021361815754
onlineshoppers,VisitorType,139,28,403,2,1,1,-1,0.035714285714285705,0.03571428571428571,29.0,27.285714285714285,43,3064,0.014033942558746737
onlineshoppers,VisitorType,140,28,451,2,1,1,-1,0.03571428571428571,0.035714285714285705,31.5,31.0,40,3072,0.013020833333333334
onlineshoppers,VisitorType,141,28,447,2,1,1,-1,0.03571428571428572,0.03571428571428572,29.5,30.208333333333332,44,3032,0.014511873350923483
onlineshoppers,VisitorType,142,28,428,2,1,1,-1,0.03571428571428571,0.03571428571428572,28.5,30.227272727272727,38,3024,0.012566137566137565
onlineshoppers,VisitorType,143,28,437,3,1,1,-1,0.03571428571428571,0.03571428571428571,31.0,29.954545454545453,33,3036,0.010869565217391304
onlineshoppers,VisitorType,144,28,433,2,1,1,-1,0.03571428571428571,0.03571428571428571,36.0,32.63157894736842,41,3158,0.012982900569981
onlineshoppers,VisitorType,145,28,435,2,1,1,-1,0.03571428571428571,0.03571428571428571,31.0,30.652173913043477,40,3032,0.013192612137203167
onlineshoppers,VisitorType,146,28,391,3,1,2,-1,0.03571428571428571,0.03571428571428571,23.5,25.0,41,3028,0.013540290620871863
onlineshoppers,VisitorType,147,27,381,3,1,2,-1,0.03703703703703704,0.037037037037037035,30.0,27.523809523809526,42,3016,0.013925729442970823
onlineshoppers,VisitorType,148,28,430,2,1,1,-1,0.03571428571428572,0.03571428571428571,32.0,29.869565217391305,34,3174,0.010712035286704474
onlineshoppers,VisitorType,149,28,417,3,1,1,-1,0.03571428571428571,0.03571428571428573,27.0,27.227272727272727,40,3108,0.01287001287001287
onlineshoppers,VisitorType,150,28,425,2,1,1,-1,0.03571428571428571,0.03571428571428571,26.0,28.473684210526315,49,3074,0.01594014313597918
onlineshoppers,VisitorType,151,28,415,3,1,3,-1,0.03571428571428571,0.03571428571428571,32.0,27.523809523809526,36,3134,0.01148691767708998
onlineshoppers,VisitorType,152,28,422,2,1,1,-1,0.035714285714285705,0.035714285714285705,32.0,30.285714285714285,42,3134,0.013401403956604978
onlineshoppers,VisitorType,153,28,453,2,1,1,-1,0.03571428571428571,0.03571428571428571,31.5,31.272727272727273,35,3108,0.01126126126126126
onlineshoppers,VisitorType,154,28,424,2,1,1,-1,0.035714285714285705,0.03571428571428571,30.0,30.142857142857142,46,3086,0.014906027219701879
onlineshoppers,VisitorType,155,28,438,2,1,1,-1,0.03571428571428571,0.03571428571428572,31.5,30.55,40,3058,0.013080444735120994
onlineshoppers,VisitorType,156,28,431,3,1,2,-1,0.035714285714285705,0.03571428571428571,32.5,29.333333333333332,36,3242,0.011104256631708822
onlineshoppers,VisitorType,157,28,438,2,1,1,-1,0.03571428571428572,0.03571428571428572,30.5,29.4,41,3070,0.013355048859934854
onlineshoppers,VisitorType,158,28,413,3,1,1,-1,0.03571428571428571,0.03571428571428571,27.5,26.818181818181817,38,2986,0.012726054922973878
onlineshoppers,VisitorType,159,28,421,2,1,1,-1,0.035714285714285705,0.035714285714285705,32.0,30.238095238095237,39,3094,0.012605042016806723
onlineshoppers,VisitorType,160,28,398,3,1,2,-1,0.03571428571428571,0.03571428571428571,31.5,29.227272727272727,42,3056,0.0137434554973822
onlineshoppers,VisitorType,161,28,432,3,1,1,-1,0.03571428571428571,0.03571428571428572,31.0,30.26086956521739,45,2988,0.015060240963855422
onlineshoppers,VisitorType,162,28,412,2,1,1,-1,0.03571428571428571,0.03571428571428571,29.0,29.238095238095237,45,3092,0.014553686934023286
onlineshoppers,VisitorType,163,28,452,2,1,1,-1,0.03571428571428571,0.03571428571428571,32.0,30.894736842105264,38,3072,0.012369791666666666
onlineshoppers,VisitorType,164,28,419,3,1,2,-1,0.03571428571428572,0.03571428571428571,31.5,28.27777777777778,39,3194,0.012210394489668128
onlineshoppers,VisitorType,165,28,383,3,1,2,-1,0.03571428571428571,0.035714285714285705,22.5,24.40909090909091,36,3060,0.011764705882352941
onlineshoppers,VisitorType,166,28,431,3,1,2,-1,0.03571428571428573,0.03571428571428572,28.5,27.22222222222222,48,3092,0.015523932729624839
onlineshoppers,VisitorType,167,28,426,2,1,1,-1,0.03571428571428571,0.03571428571428571,29.0,29.363636363636363,40,2982,0.01341381623071764
onlineshoppers,VisitorType,168,28,405,3,1,2,-1,0.03571428571428571,0.03571428571428571,32.0,29.636363636363637,42,3098,0.01355713363460297
onlineshoppers,VisitorType,169,27,396,2,1,1,-1,0.037037037037037035,0.037037037037037035,31.0,29.08695652173913,39,3022,0.012905360688285903
onlineshoppers,VisitorType,170,28,421,3,1,2,-1,0.03571428571428572,0.03571428571428572,28.0,28.047619047619047,35,3042,0.011505588428665352
onlineshoppers,VisitorType,171,28,391,3,1,1,-1,0.03571428571428572,0.03571428571428572,31.5,28.863636363636363,44,3026,0.014540647719762063
onlineshoppers,VisitorType,172,28,438,2,1,1,-1,0.03571428571428573,0.03571428571428571,30.0,30.227272727272727,36,3118,0.011545862732520847
onlineshoppers,VisitorType,173,28,384,3,1,2,-1,0.03571428571428572,0.03571428571428571,26.0,25.105263157894736,41,3114,0.013166345536287732
onlineshoppers,VisitorType,174,28,452,2,1,1,-1,0.03571428571428571,0.03571428571428571,34.0,32.09090909090909,36,3106,0.01159047005795235
onlineshoppers,VisitorType,175,28,435,2,1,1,-1,0.03571428571428571,0.03571428571428571,30.5,29.25,34,3136,0.010841836734693877
onlineshoppers,VisitorType,176,28,387,3,1,2,-1,0.03571428571428571,0.03571428571428572,29.0,28.333333333333332,42,3114,0.01348747591522158
onlineshoppers,VisitorType,177,28,423,3,1,2,-1,0.03571428571428571,0.03571428571428571,26.5,27.0,39,3018,0.012922465208747515
onlineshoppers,VisitorType,178,28,451,2,1,1,-1,0.03571428571428571,0.035714285714285705,33.0,32.43478260869565,39,3150,0.012380952380952381
onlineshoppers,VisitorType,179,28,430,3,1,1,-1,0.03571428571428571,0.035714285714285705,30.5,29.083333333333332,30,3062,0.009797517962116264
onlineshoppers,VisitorType,180,28,385,3,1,1,-1,0.03571428571428572,0.03571428571428571,24.0,25.565217391304348,42,3102,0.013539651837524178
onlineshoppers,VisitorType,181,28,414,3,1,2,-1,0.035714285714285705,0.03571428571428571,30.0,29.208333333333332,43,3072,0.013997395833333334
onlineshoppers,VisitorType,182,28,380,3,1,3,-1,0.03571428571428572,0.03571428571428571,27.0,25.05263157894737,38,3118,0.012187299550994226
onlineshoppers,VisitorType,183,28,450,3,1,1,-1,0.03571428571428572,0.03571428571428572,34.5,31.863636363636363,35,3174,0.011027095148078135
onlineshoppers,VisitorType,184,28,390,3,1,1,-1,0.03571428571428571,0.03571428571428571,28.5,26.666666666666668,47,3006,0.015635395874916833
onlineshoppers,VisitorType,185,27,432,3,1,2,-1,0.037037037037037035,0.037037037037037035,29.0,29.523809523809526,38,3112,0.012210796915167094
onlineshoppers,VisitorType,186,28,426,3,1,2,-1,0.03571428571428571,0.035714285714285705,29.5,29.0,43,3154,0.013633481293595434
onlineshoppers,VisitorType,187,28,396,3,1,3,-1,0.03571428571428571,0.03571428571428571,27.0,26.0,37,2984,0.012399463806970509
onlineshoppers,VisitorType,188,28,415,3,1,3,-1,0.03571428571428572,0.03571428571428571,26.0,26.652173913043477,40,3150,0.012698412698412698
onlineshoppers,VisitorType,189,27,395,3,1,2,-1,0.037037037037037035,0.037037037037037035,27.5,27.818181818181817,34,3082,0.011031797534068787
onlineshoppers,VisitorType,190,28,432,3,1,1,-1,0.03571428571428572,0.03571428571428572,29.0,27.333333333333332,37,2988,0.012382864792503346
onlineshoppers,VisitorType,191,28,414,3,1,2,-1,0.03571428571428571,0.03571428571428571,30.5,28.333333333333332,37,2990,0.012374581939799331
onlineshoppers,VisitorType,192,28,439,2,1,1,-1,0.03571428571428572,0.03571428571428571,32.0,32.8421052631579,34,3102,0.01096067053513862
onlineshoppers,VisitorType,193,28,446,2,1,1,-1,0.03571428571428571,0.03571428571428571,30.0,30.347826086956523,40,3048,0.013123359580052493
onlineshoppers,VisitorType,194,28,427,2,1,1,-1,0.03571428571428572,0.03571428571428572,31.0,30.285714285714285,43,3114,0.013808606294155427
onlineshoppers,VisitorType,195,28,412,3,1,2,-1,0.03571428571428572,0.03571428571428572,29.0,27.285714285714285,37,3232,0.011448019801980198
onlineshoppers,VisitorType,196,28,411,3,1,2,-1,0.03571428571428572,0.03571428571428572,31.0,27.210526315789473,35,3018,0.011597084161696488
onlineshoppers,VisitorType,197,28,442,2,1,1,-1,0.035714285714285705,0.03571428571428572,31.0,31.181818181818183,33,3118,0.010583707504810776
onlineshoppers,VisitorType,198,28,431,2,1,1,-1,0.03571428571428571,0.03571428571428571,33.5,31.181818181818183,32,2984,0.010723860589812333
onlineshoppers,VisitorType,199,28,426,2,1,1,-1,0.03571428571428572,0.03571428571428571,30.0,29.09090909090909,40,3042,0.013149243918474688
onlineshoppers,VisitorType,200,27,425,2,1,2,-1,0.037037037037037035,0.03703703703703704,33.0,31.333333333333332,38,2986,0.012726054922973878
onlineshoppers,VisitorType,201,28,397,2,1,1,-1,0.035714285714285705,0.03571428571428571,28.0,28.285714285714285,45,3064,0.01468668407310705
onlineshoppers,VisitorType,202,28,411,3,1,1,-1,0.03571428571428572,0.035714285714285705,32.0,29.136363636363637,41,3048,0.013451443569553806
onlineshoppers,VisitorType,203,28,438,2,1,1,-1,0.03571428571428571,0.03571428571428571,31.0,31.09090909090909,33,3036,0.010869565217391304
onlineshoppers,VisitorType,204,28,449,2,1,1,-1,0.03571428571428572,0.03571428571428571,38.5,35.0,40,3108,0.01287001287001287
onlineshoppers,VisitorType,205,28,422,4,1,3,-1,0.03571428571428571,0.03571428571428571,29.0,27.85,40,3150,0.012698412698412698
onlineshoppers,VisitorType,206,28,445,2,1,1,-1,0.03571428571428571,0.03571428571428571,34.5,32.6,48,2954,0.016249153689911984
onlineshoppers,VisitorType,207,28,457,2,1,1,-1,0.03571428571428571,0.03571428571428572,33.0,31.952380952380953,31,3118,0.009942270686337396
onlineshoppers,VisitorType,208,27,428,2,1,1,-1,0.03703703703703704,0.037037037037037035,32.0,31.19047619047619,34,3064,0.011096605744125326
onlineshoppers,VisitorType,209,28,432,3,1,1,-1,0.03571428571428571,0.03571428571428571,35.0,31.375,37,3048,0.012139107611548556
onlineshoppers,VisitorType,210,28,427,3,1,2,-1,0.03571428571428571,0.035714285714285705,31.0,29.35,34,3106,0.010946555054732776
onlineshoppers,VisitorType,211,27,398,3,1,2,-1,0.037037037037037035,0.037037037037037035,27.0,28.083333333333332,37,3000,0.012333333333333333
onlineshoppers,VisitorType,212,28,441,2,1,1,-1,0.03571428571428571,0.03571428571428571,32.0,30.952380952380953,45,2994,0.01503006012024048
onlineshoppers,VisitorType,213,28,399,3,1,1,-1,0.035714285714285705,0.03571428571428573,28.5,26.8,35,2984,0.011729222520107238
onlineshoppers,VisitorType,214,28,433,3,1,1,-1,0.03571428571428571,0.03571428571428571,26.5,26.95,39,2998,0.013008672448298866
onlineshoppers,VisitorType,215,27,420,2,1,2,-1,0.03703703703703703,0.037037037037037035,28.5,27.72222222222222,33,3104,0.010631443298969073
onlineshoppers,VisitorType,216,28,409,2,1,1,-1,0.03571428571428571,0.0357142857142857,32.0,29.44,42,3092,0.013583441138421734
onlineshoppers,VisitorType,217,28,430,2,1,1,-1,0.03571428571428571,0.03571428571428571,30.0,30.157894736842106,34,3082,0.011031797534068787
onlineshoppers,VisitorType,218,28,446,3,1,1,-1,0.03571428571428571,0.03571428571428571,28.5,29.8,40,3046,0.013131976362442548
onlineshoppers,VisitorType,219,28,406,3,1,1,-1,0.035714285714285705,0.03571428571428571,28.0,26.45,39,3018,0.012922465208747515
onlineshoppers,VisitorType,220,28,411,3,1,1,-1,0.03571428571428571,0.03571428571428571,27.5,28.09090909090909,42,3134,0.013401403956604978
onlineshoppers,VisitorType,221,28,465,2,1,1,-1,0.03571428571428571,0.03571428571428572,33.0,33.23529411764706,35,3066,0.01141552511415525
onlineshoppers,VisitorType,222,28,451,2,1,1,-1,0.03571428571428571,0.03571428571428572,30.0,30.75,40,3110,0.012861736334405145
onlineshoppers,VisitorType,223,28,434,3,1,2,-1,0.035714285714285705,0.03571428571428571,30.5,30.083333333333332,41,3102,0.013217279174725984
onlineshoppers,VisitorType,224,28,406,3,1,2,-1,0.0357142857142857,0.03571428571428571,34.0,30.047619047619047,32,3116,0.010269576379974325
onlineshoppers,VisitorType,225,28,432,2,1,1,-1,0.03571428571428571,0.03571428571428572,29.0,29.761904761904763,35,3106,0.011268512556342562
onlineshoppers,VisitorType,226,28,426,2,1,1,-1,0.03571428571428572,0.03571428571428571,27.5,28.818181818181817,40,3012,0.013280212483399735
onlineshoppers,VisitorType,227,28,436,2,1,1,-1,0.03571428571428571,0.03571428571428571,30.0,30.347826086956523,39,3096,0.012596899224806201
onlineshoppers,VisitorType,228,28,438,2,1,1,-1,0.03571428571428571,0.03571428571428571,31.0,30.59090909090909,45,3058,0.014715500327011119
onlineshoppers,VisitorType,229,28,377,3,1,2,-1,0.03571428571428571,0.03571428571428571,27.0,26.263157894736842,45,2996,0.015020026702269693
onlineshoppers,VisitorType,230,28,446,2,1,1,-1,0.03571428571428571,0.03571428571428572,34.0,30.42105263157895,47,2992,0.01570855614973262
onlineshoppers,VisitorType,231,28,424,3,1,1,-1,0.03571428571428572,0.035714285714285705,25.0,26.789473684210527,40,3074,0.013012361743656473
onlineshoppers,VisitorType,232,28,384,3,1,2,-1,0.03571428571428571,0.03571428571428571,24.0,25.714285714285715,38,3002,0.012658227848101266
onlineshoppers,VisitorType,233,28,407,3,1,1,-1,0.03571428571428571,0.03571428571428571,28.0,27.476190476190474,39,3124,0.012483994878361075
onlineshoppers,VisitorType,234,28,457,2,1,1,-1,0.03571428571428572,0.03571428571428571,32.0,31.666666666666668,38,3138,0.012109623964308477
onlineshoppers,VisitorType,235,28,425,2,1,1,-1,0.03571428571428571,0.03571428571428571,29.5,29.7,34,3128,0.010869565217391304
onlineshoppers,VisitorType,236,28,441,2,1,1,-1,0.03571428571428571,0.03571428571428571,32.0,30.857142857142858,38,3154,0.012048192771084338
onlineshoppers,VisitorType,237,28,409,2,1,1,-1,0.03571428571428571,0.03571428571428571,27.0,28.0,41,2988,0.013721552878179385
onlineshoppers,VisitorType,238,28,443,3,1,1,-1,0.03571428571428572,0.03571428571428571,35.0,32.42857142857143,43,3110,0.01382636655948553
onlineshoppers,VisitorType,239,28,429,3,1,2,-1,0.03571428571428571,0.035714285714285705,31.0,29.5,37,2986,0.012391158740790355
onlineshoppers,VisitorType,240,28,399,3,1,1,-1,0.035714285714285705,0.035714285714285705,28.0,26.105263157894736,35,3196,0.01095118898623279
onlineshoppers,VisitorType,241,28,422,2,1,1,-1,0.03571428571428571,0.03571428571428571,28.0,28.28,38,2976,0.012768817204301076
onlineshoppers,VisitorType,242,28,437,3,1,2,-1,0.03571428571428571,0.03571428571428571,29.0,28.45,38,3108,0.012226512226512226
onlineshoppers,VisitorType,243,28,421,2,1,1,-1,0.03571428571428571,0.03571428571428571,32.0,31.105263157894736,43,3026,0.014210178453403834
onlineshoppers,VisitorType,244,28,439,2,1,1,-1,0.03571428571428571,0.03571428571428571,30.0,30.166666666666668,44,2964,0.014844804318488529
onlineshoppers,VisitorType,245,28,426,3,1,2,-1,0.03571428571428571,0.03571428571428572,30.5,28.954545454545453,34,3050,0.011147540983606558
onlineshoppers,VisitorType,246,28,434,2,1,1,-1,0.035714285714285705,0.03571428571428572,30.0,28.94736842105263,38,3062,0.012410189418680601
onlineshoppers,VisitorType,247,28,415,3,1,1,-1,0.03571428571428571,0.03571428571428571,30.0,28.4,35,3122,0.011210762331838564
onlineshoppers,VisitorType,248,28,425,2,1,1,-1,0.03571428571428571,0.03571428571428571,30.5,29.90909090909091,33,3074,0.01073519843851659
onlineshoppers,VisitorType,249,28,449,2,1,1,-1,0.03571428571428571,0.03571428571428571,28.0,29.523809523809526,39,2984,0.01306970509383378
onlineshoppers,VisitorType,250,28,386,3,1,1,-1,0.035714285714285705,0.03571428571428572,27.0,25.92,38,3098,0.012265978050355068
onlineshoppers,VisitorType,251,28,419,3,1,2,-1,0.03571428571428571,0.03571428571428571,29.0,28.166666666666668,35,3036,0.01152832674571805
onlineshoppers,VisitorType,252,28,447,2,1,1,-1,0.03571428571428571,0.03571428571428571,29.5,28.2,37,3060,0.012091503267973857
onlineshoppers,VisitorType,253,28,424,2,1,2,-1,0.03571428571428571,0.03571428571428571,29.0,28.833333333333332,39,3078,0.012670565302144249
onlineshoppers,VisitorType,254,28,425,2,1,1,-1,0.03571428571428572,0.035714285714285705,27.0,27.68421052631579,37,3042,0.012163050624589087
onlineshoppers,VisitorType,255,28,441,2,1,1,-1,0.03571428571428571,0.03571428571428572,34.0,30.82608695652174,32,3036,0.010540184453227932
onlineshoppers,VisitorType,256,28,413,2,1,1,-1,0.03571428571428572,0.03571428571428571,29.5,27.681818181818183,46,3136,0.014668367346938776
onlineshoppers,VisitorType,257,28,451,2,1,1,-1,0.03571428571428571,0.03571428571428571,37.0,33.4,34,2984,0.011394101876675604
onlineshoppers,VisitorType,258,28,417,3,1,2,-1,0.03571428571428571,0.03571428571428571,31.5,29.38888888888889,35,3100,0.01129032258064516
onlineshoppers,VisitorType,259,28,439,2,1,1,-1,0.03571428571428571,0.03571428571428572,30.0,29.608695652173914,39,3104,0.012564432989690722
onlineshoppers,VisitorType,260,28,393,3,1,1,-1,0.03571428571428571,0.03571428571428571,26.0,23.952380952380953,51,3082,0.01654769630110318
onlineshoppers,VisitorType,261,28,416,3,1,2,-1,0.035714285714285705,0.03571428571428571,32.0,28.863636363636363,53,3202,0.01655215490318551
onlineshoppers,VisitorType,262,27,433,2,1,1,-1,0.03703703703703703,0.037037037037037035,30.5,29.944444444444443,31,3010,0.010299003322259137
onlineshoppers,VisitorType,263,28,437,2,1,2,-1,0.03571428571428571,0.03571428571428572,31.0,30.4,32,3164,0.010113780025284451
onlineshoppers,VisitorType,264,28,407,2,1,1,-1,0.03571428571428571,0.03571428571428571,31.0,29.047619047619047,38,3032,0.012532981530343008
onlineshoppers,VisitorType,265,28,455,2,1,1,-1,0.03571428571428571,0.03571428571428572,32.0,30.869565217391305,41,3162,0.012966476913345983
onlineshoppers,VisitorType,266,28,455,2,1,1,-1,0.03571428571428571,0.03571428571428571,31.0,31.130434782608695,33,3058,0.01079136690647482
onlineshoppers,VisitorType,267,28,397,3,1,1,-1,0.03571428571428572,0.03571428571428572,31.0,27.38095238095238,35,3048,0.011482939632545932
onlineshoppers,VisitorType,268,28,415,2,1,1,-1,0.03571428571428571,0.035714285714285705,29.0,28.789473684210527,38,3102,0.012250161186331399
onlineshoppers,VisitorType,269,28,419,3,1,2,-1,0.035714285714285705,0.03571428571428571,31.5,29.227272727272727,36,3090,0.011650485436893204
onlineshoppers,VisitorType,270,28,457,2,1,2,-1,0.03571428571428571,0.03571428571428571,33.0,30.73913043478261,36,3104,0.011597938144329897
onlineshoppers,VisitorType,271,28,430,3,1,1,-1,0.035714285714285705,0.03571428571428571,32.0,30.727272727272727,34,3096,0.010981912144702842
onlineshoppers,VisitorType,272,27,441,2,1,1,-1,0.037037037037037035,0.03703703703703703,34.0,33.34782608695652,45,3126,0.014395393474088292
onlineshoppers,VisitorType,273,28,423,2,1,1,-1,0.03571428571428572,0.03571428571428571,29.0,30.842105263157894,44,3006,0.014637391882900865
onlineshoppers,VisitorType,274,28,401,3,1,1,-1,0.03571428571428571,0.03571428571428572,28.0,27.285714285714285,44,3216,0.013681592039800995
onlineshoppers,VisitorType,275,28,434,2,1,1,-1,0.03571428571428571,0.03571428571428571,29.0,29.6,30,2982,0.01006036217303823
onlineshoppers,VisitorType,276,28,437,2,1,1,-1,0.03571428571428572,0.03571428571428572,31.0,28.238095238095237,34,3118,0.010904425914047467
onlineshoppers,VisitorType,277,28,398,2,1,2,-1,0.03571428571428572,0.03571428571428572,27.0,26.869565217391305,29,3032,0.009564643799472295
onlineshoppers,VisitorType,278,28,428,3,1,2,-1,0.03571428571428572,0.03571428571428571,29.0,30.26086956521739,36,2990,0.012040133779264214
onlineshoppers,VisitorType,279,28,437,2,1,1,-1,0.03571428571428571,0.03571428571428571,30.0,31.157894736842106,37,3100,0.011935483870967743
onlineshoppers,VisitorType,280,28,433,2,1,1,-1,0.03571428571428571,0.03571428571428571,32.0,31.095238095238095,39,3066,0.012720156555772993
onlineshoppers,VisitorType,281,28,428,2,1,1,-1,0.03571428571428571,0.03571428571428571,33.0,31.0,40,3026,0.013218770654329148
onlineshoppers,VisitorType,282,27,388,3,1,1,-1,0.037037037037037035,0.037037037037037035,26.0,25.0,43,3190,0.013479623824451411
onlineshoppers,VisitorType,283,28,416,3,1,1,-1,0.03571428571428571,0.03571428571428572,31.0,29.458333333333332,43,3008,0.014295212765957447
onlineshoppers,VisitorType,284,27,401,2,1,2,-1,0.037037037037037035,0.03703703703703703,28.5,27.61111111111111,36,2996,0.012016021361815754
onlineshoppers,VisitorType,285,28,394,3,1,3,-1,0.035714285714285705,0.03571428571428571,27.5,27.75,31,3134,0.009891512444160817
onlineshoppers,VisitorType,286,28,465,2,1,1,-1,0.03571428571428571,0.03571428571428572,29.5,30.8,41,3148,0.013024142312579416
onlineshoppers,VisitorType,287,28,406,3,1,1,-1,0.03571428571428571,0.03571428571428571,30.0,28.736842105263158,45,3126,0.014395393474088292
onlineshoppers,VisitorType,288,28,451,2,1,1,-1,0.03571428571428571,0.03571428571428571,29.5,30.9,30,3036,0.009881422924901186
onlineshoppers,VisitorType,289,28,374,3,1,1,-1,0.03571428571428571,0.03571428571428571,28.5,27.0,39,3028,0.012879788639365918
onlineshoppers,VisitorType,290,28,421,2,1,2,-1,0.03571428571428571,0.03571428571428571,33.0,28.68421052631579,39,3194,0.012210394489668128
onlineshoppers,VisitorType,291,28,408,3,1,2,-1,0.03571428571428572,0.03571428571428571,30.0,28.61904761904762,37,3128,0.011828644501278773
onlineshoppers,VisitorType,292,28,422,3,1,2,-1,0.03571428571428571,0.03571428571428571,31.0,28.91304347826087,41,3104,0.013208762886597938
onlineshoppers,VisitorType,293,28,436,2,1,1,-1,0.03571428571428571,0.03571428571428572,31.0,29.944444444444443,39,2984,0.01306970509383378
onlineshoppers,VisitorType,294,28,413,3,1,1,-1,0.03571428571428572,0.03571428571428571,30.5,27.9,41,3144,0.013040712468193385
onlineshoppers,VisitorType,295,28,433,3,1,2,-1,0.03571428571428572,0.03571428571428571,31.0,29.217391304347824,45,3062,0.014696276943174396
onlineshoppers,VisitorType,296,28,440,3,1,2,-1,0.03571428571428571,0.03571428571428571,32.0,30.304347826086957,45,3026,0.014871116986120292
onlineshoppers,VisitorType,297,28,432,2,1,1,-1,0.03571428571428571,0.03571428571428572,34.0,31.904761904761905,33,3126,0.01055662188099808
onlineshoppers,VisitorType,298,28,409,2,1,1,-1,0.035714285714285705,0.03571428571428571,31.5,29.5,34,3106,0.010946555054732776
onlineshoppers,VisitorType,299,28,395,3,1,2,-1,0.03571428571428572,0.03571428571428571,26.0,27.36,36,3068,0.011734028683181226
onlineshoppers,Weekend,0,28,442,2,1,1,-1,0.03571428571428572,0.03571428571428571,30.5,29.875,38,3010,0.012624584717607974
onlineshoppers,Weekend,1,28,432,3,1,2,-1,0.03571428571428571,0.03571428571428571,30.5,29.95,47,3092,0.01520051746442432
onlineshoppers,Weekend,2,28,433,2,1,1,-1,0.03571428571428571,0.03571428571428571,36.5,32.05,47,3118,0.015073765234124438
onlineshoppers,Weekend,3,28,412,3,1,1,-1,0.03571428571428571,0.03571428571428572,27.0,25.59090909090909,53,3024,0.017526455026455025
onlineshoppers,Weekend,4,28,428,2,1,1,-1,0.03571428571428571,0.03571428571428571,27.0,28.0,47,3038,0.015470704410796577
onlineshoppers,Weekend,5,28,450,2,1,1,-1,0.03571428571428572,0.03571428571428572,31.0,31.25,39,3040,0.012828947368421053
onlineshoppers,Weekend,6,28,437,2,1,1,-1,0.03571428571428571,0.035714285714285705,29.5,29.90909090909091,41,3098,0.013234344738540994
onlineshoppers,Weekend,7,28,445,3,1,2,-1,0.03571428571428573,0.035714285714285705,31.0,31.105263157894736,40,3158,0.01266624445851805
onlineshoppers,Weekend,8,28,425,3,1,2,-1,0.035714285714285705,0.03571428571428571,29.0,28.818181818181817,36,3138,0.011472275334608031
onlineshoppers,Weekend,9,28,399,3,1,1,-1,0.03571428571428571,0.03571428571428572,27.0,28.318181818181817,54,3120,0.01730769230769231
onlineshoppers,Weekend,10,28,421,3,1,2,-1,0.03571428571428573,0.03571428571428572,29.0,28.17391304347826,49,3054,0.016044531761624098
onlineshoppers,Weekend,11,28,420,3,1,4,-1,0.03571428571428571,0.03571428571428572,37.0,31.857142857142858,39,3088,0.012629533678756476
onlineshoppers,Weekend,12,28,450,2,1,1,-1,0.03571428571428574,0.03571428571428572,31.0,30.142857142857142,36,3078,0.011695906432748537
onlineshoppers,Weekend,13,28,411,3,1,1,-1,0.03571428571428571,0.03571428571428571,29.0,30.0,47,3046,0.015430072225869994
onlineshoppers,Weekend,14,28,422,3,1,2,-1,0.03571428571428571,0.035714285714285705,27.5,29.5,36,3140,0.011464968152866241
onlineshoppers,Weekend,15,27,427,2,1,1,-1,0.037037037037037035,0.037037037037037035,28.0,29.095238095238095,40,3322,0.012040939193257074
onlineshoppers,Weekend,16,28,408,3,1,2,-1,0.035714285714285705,0.035714285714285705,30.0,29.17391304347826,45,3074,0.014638906961613532
onlineshoppers,Weekend,17,28,457,2,1,1,-1,0.03571428571428571,0.035714285714285705,35.0,33.17391304347826,36,3186,0.011299435028248588
onlineshoppers,Weekend,18,28,456,2,1,1,-1,0.03571428571428571,0.03571428571428572,34.5,32.86363636363637,42,3132,0.013409961685823755
onlineshoppers,Weekend,19,28,401,2,1,1,-1,0.03571428571428571,0.03571428571428571,30.0,28.952380952380953,35,2992,0.011697860962566845
onlineshoppers,Weekend,20,27,409,2,1,2,-1,0.03703703703703704,0.037037037037037035,32.0,29.695652173913043,38,3130,0.012140575079872205
onlineshoppers,Weekend,21,28,420,3,1,2,-1,0.035714285714285705,0.03571428571428571,31.5,30.318181818181817,45,3104,0.014497422680412372
onlineshoppers,Weekend,22,28,440,2,1,1,-1,0.03571428571428571,0.035714285714285705,32.0,31.73913043478261,41,3102,0.013217279174725984
onlineshoppers,Weekend,23,28,445,2,1,1,-1,0.03571428571428571,0.03571428571428571,33.0,32.1578947368421,44,3000,0.014666666666666666
onlineshoppers,Weekend,24,28,430,2,1,1,-1,0.035714285714285705,0.03571428571428571,29.5,30.818181818181817,42,3166,0.013265950726468731
onlineshoppers,Weekend,25,28,439,2,1,1,-1,0.03571428571428571,0.03571428571428571,29.5,30.863636363636363,32,3126,0.010236724248240563
onlineshoppers,Weekend,26,28,422,2,1,1,-1,0.03571428571428573,0.03571428571428571,28.0,29.666666666666668,42,3118,0.013470173187940988
onlineshoppers,Weekend,27,28,462,2,1,1,-1,0.0357142857142857,0.03571428571428571,26.5,28.5,45,3142,0.014322087842138766
onlineshoppers,Weekend,28,28,452,2,1,1,-1,0.03571428571428572,0.035714285714285705,32.0,30.91304347826087,39,3026,0.012888301387970919
onlineshoppers,Weekend,29,28,425,3,1,2,-1,0.03571428571428572,0.03571428571428571,35.0,31.181818181818183,45,2950,0.015254237288135594
onlineshoppers,Weekend,30,28,406,3,1,1,-1,0.035714285714285705,0.03571428571428571,29.0,27.956521739130434,38,3054,0.012442698100851343
onlineshoppers,Weekend,31,28,438,2,1,1,-1,0.03571428571428571,0.03571428571428571,28.5,28.555555555555557,40,3040,0.013157894736842105
onlineshoppers,Weekend,32,28,441,2,1,1,-1,0.03571428571428571,0.03571428571428571,32.5,30.2,40,3116,0.012836970474967908
onlineshoppers,Weekend,33,28,449,3,1,2,-1,0.03571428571428571,0.03571428571428572,31.5,30.0,43,3080,0.01396103896103896
onlineshoppers,Weekend,34,28,434,2,1,1,-1,0.03571428571428572,0.03571428571428571,32.0,31.238095238095237,34,3028,0.011228533685601057
onlineshoppers,Weekend,35,28,425,2,1,1,-1,0.03571428571428571,0.03571428571428571,27.0,29.40909090909091,47,3048,0.01541994750656168
onlineshoppers,Weekend,36,28,436,3,1,1,-1,0.03571428571428571,0.03571428571428571,30.0,29.35,41,3020,0.013576158940397352
onlineshoppers,Weekend,37,28,420,3,1,2,-1,0.03571428571428571,0.03571428571428572,29.5,27.7,41,3144,0.013040712468193385
onlineshoppers,Weekend,38,28,411,2,1,1,-1,0.03571428571428571,0.03571428571428571,29.5,29.045454545454547,41,3020,0.013576158940397352
onlineshoppers,Weekend,39,27,398,3,1,1,-1,0.037037037037037035,0.037037037037037035,31.0,28.5,46,3056,0.015052356020942409
onlineshoppers,Weekend,40,28,449,3,1,1,-1,0.03571428571428572,0.03571428571428571,32.0,31.35,43,3102,0.013862024500322373
onlineshoppers,Weekend,41,28,457,2,1,1,-1,0.03571428571428571,0.03571428571428571,34.0,32.16,41,3226,0.012709237445753255
onlineshoppers,Weekend,42,28,425,3,1,2,-1,0.03571428571428572,0.03571428571428571,28.0,28.0,47,3040,0.015460526315789473
onlineshoppers,Weekend,43,28,447,2,1,1,-1,0.03571428571428571,0.03571428571428572,31.0,30.047619047619047,47,3118,0.015073765234124438
onlineshoppers,Weekend,44,28,449,3,1,1,-1,0.03571428571428571,0.035714285714285705,33.0,31.7,44,3020,0.01456953642384106
onlineshoppers,Weekend,45,28,425,3,1,1,-1,0.035714285714285705,0.03571428571428572,32.0,30.666666666666668,41,3050,0.013442622950819673
onlineshoppers,Weekend,46,28,436,3,1,1,-1,0.03571428571428571,0.03571428571428571,33.0,31.7,33,3046,0.010833880499015102
onlineshoppers,Weekend,47,28,425,2,1,1,-1,0.03571428571428571,0.035714285714285705,30.0,29.454545454545453,42,3026,0.013879709187045605
onlineshoppers,Weekend,48,28,424,2,1,1,-1,0.03571428571428572,0.03571428571428571,27.0,28.0,32,3018,0.010603048376408217
onlineshoppers,Weekend,49,28,420,2,1,1,-1,0.03571428571428571,0.03571428571428571,33.0,30.56,40,3104,0.01288659793814433
onlineshoppers,Weekend,50,28,415,3,1,1,-1,0.03571428571428571,0.03571428571428571,31.0,28.695652173913043,40,3086,0.012961762799740765
onlineshoppers,Weekend,51,28,428,2,1,1,-1,0.03571428571428571,0.035714285714285705,31.5,29.90909090909091,40,3128,0.01278772378516624
onlineshoppers,Weekend,52,28,451,3,1,1,-1,0.03571428571428571,0.03571428571428572,30.5,30.9,38,3158,0.012032932235592146
onlineshoppers,Weekend,53,28,458,2,1,1,-1,0.03571428571428572,0.03571428571428571,33.0,32.34782608695652,39,3082,0.012654120700843608
onlineshoppers,Weekend,54,28,435,3,1,1,-1,0.03571428571428571,0.03571428571428571,34.0,30.80952380952381,41,3212,0.012764632627646327
onlineshoppers,Weekend,55,28,398,3,1,1,-1,0.03571428571428572,0.035714285714285705,27.0,26.894736842105264,48,3088,0.015544041450777202
onlineshoppers,Weekend,56,28,443,2,1,1,-1,0.03571428571428571,0.03571428571428571,34.5,32.25,41,3060,0.013398692810457516
onlineshoppers,Weekend,57,28,399,3,1,2,-1,0.035714285714285705,0.03571428571428571,25.0,26.31578947368421,33,3060,0.010784313725490196
onlineshoppers,Weekend,58,28,417,2,1,1,-1,0.03571428571428571,0.03571428571428571,26.0,28.08695652173913,35,2946,0.01188051595383571
onlineshoppers,Weekend,59,28,414,3,1,2,-1,0.03571428571428571,0.03571428571428572,27.0,24.473684210526315,35,3110,0.011254019292604502
onlineshoppers,Weekend,60,28,428,2,1,1,-1,0.03571428571428571,0.03571428571428571,28.0,29.5,31,3074,0.010084580351333767
onlineshoppers,Weekend,61,28,436,2,1,1,-1,0.03571428571428571,0.035714285714285705,34.0,31.761904761904763,49,3122,0.01569506726457399
onlineshoppers,Weekend,62,28,388,2,1,1,-1,0.035714285714285705,0.03571428571428571,27.0,27.444444444444443,49,3032,0.016160949868073878
onlineshoppers,Weekend,63,28,403,3,1,2,-1,0.03571428571428571,0.03571428571428571,26.5,25.666666666666668,44,3080,0.014285714285714285
onlineshoppers,Weekend,64,28,429,3,1,1,-1,0.03571428571428571,0.03571428571428571,32.0,30.26086956521739,37,3068,0.012059973924380704
onlineshoppers,Weekend,65,28,424,3,1,2,-1,0.03571428571428571,0.035714285714285705,30.0,29.31578947368421,43,3102,0.013862024500322373
onlineshoppers,Weekend,66,28,443,3,1,1,-1,0.03571428571428573,0.03571428571428572,32.0,29.272727272727273,43,3090,0.013915857605177993
onlineshoppers,Weekend,67,28,420,2,1,1,-1,0.03571428571428572,0.035714285714285705,29.0,27.772727272727273,33,3138,0.010516252390057362
onlineshoppers,Weekend,68,28,431,2,1,1,-1,0.03571428571428571,0.03571428571428572,34.5,31.318181818181817,46,3006,0.015302727877578177
onlineshoppers,Weekend,69,28,445,2,1,1,-1,0.03571428571428572,0.03571428571428571,34.5,31.35,37,2918,0.012679917751884852
onlineshoppers,Weekend,70,28,443,2,1,1,-1,0.03571428571428571,0.03571428571428571,34.5,32.04545454545455,36,3102,0.01160541586073501
onlineshoppers,Weekend,71,28,426,3,1,2,-1,0.03571428571428571,0.03571428571428571,32.0,31.045454545454547,38,3020,0.012582781456953643
onlineshoppers,Weekend,72,28,461,2,1,1,-1,0.03571428571428571,0.03571428571428571,33.0,33.083333333333336,35,3046,0.01149047931713723
onlineshoppers,Weekend,73,28,412,2,1,1,-1,0.03571428571428571,0.03571428571428571,27.0,27.210526315789473,40,3114,0.012845215157353885
onlineshoppers,Weekend,74,28,449,2,1,1,-1,0.03571428571428571,0.03571428571428571,34.5,32.1,50,3044,0.0164257555847569
onlineshoppers,Weekend,75,28,413,3,1,1,-1,0.03571428571428572,0.03571428571428572,32.0,29.555555555555557,48,3112,0.015424164524421594
onlineshoppers,Weekend,76,28,427,2,1,1,-1,0.03571428571428571,0.03571428571428571,31.0,29.428571428571427,42,2960,0.01418918918918919
onlineshoppers,Weekend,77,28,454,2,1,1,-1,0.035714285714285705,0.035714285714285705,36.0,32.54545454545455,39,3182,0.01225644248900063
onlineshoppers,Weekend,78,28,433,3,1,2,-1,0.03571428571428571,0.03571428571428572,33.0,32.32,35,3034,0.011535926170072512
onlineshoppers,Weekend,79,28,415,2,1,1,-1,0.03571428571428572,0.03571428571428571,31.0,29.476190476190474,53,3002,0.01765489673550966
onlineshoppers,Weekend,80,28,449,2,1,1,-1,0.03571428571428571,0.035714285714285705,35.0,31.227272727272727,43,3110,0.01382636655948553
onlineshoppers,Weekend,81,28,418,3,1,1,-1,0.03571428571428571,0.03571428571428571,30.0,30.35,36,3198,0.01125703564727955
onlineshoppers,Weekend,82,28,427,3,1,1,-1,0.03571428571428571,0.035714285714285705,31.0,30.608695652173914,37,2980,0.012416107382550336
onlineshoppers,Weekend,83,28,445,2,1,1,-1,0.03571428571428572,0.03571428571428572,35.0,31.61904761904762,38,3118,0.012187299550994226
onlineshoppers,Weekend,84,28,402,3,1,2,-1,0.03571428571428571,0.03571428571428572,28.5,27.318181818181817,43,3062,0.014043109079033311
onlineshoppers,Weekend,85,28,450,2,1,1,-1,0.03571428571428572,0.03571428571428571,33.5,32.18181818181818,34,3080,0.01103896103896104
onlineshoppers,Weekend,86,28,442,2,1,1,-1,0.03571428571428571,0.03571428571428572,33.0,30.8,40,3136,0.012755102040816327
onlineshoppers,Weekend,87,28,442,2,1,1,-1,0.03571428571428572,0.03571428571428571,31.0,29.761904761904763,33,3256,0.010135135135135136
onlineshoppers,Weekend,88,28,435,3,1,2,-1,0.03571428571428572,0.03571428571428571,32.0,30.09090909090909,43,3130,0.013738019169329074
onlineshoppers,Weekend,89,28,419,2,1,1,-1,0.03571428571428571,0.03571428571428572,28.5,28.35,41,3072,0.013346354166666666
onlineshoppers,Weekend,90,28,431,2,1,1,-1,0.03571428571428572,0.03571428571428571,29.0,27.904761904761905,35,3038,0.01152073732718894
onlineshoppers,Weekend,91,28,460,2,1,1,-1,0.03571428571428571,0.03571428571428571,33.5,31.818181818181817,39,3068,0.012711864406779662
onlineshoppers,Weekend,92,28,418,2,1,1,-1,0.03571428571428571,0.035714285714285705,28.5,29.22222222222222,49,3042,0.016107823800131493
onlineshoppers,Weekend,93,28,444,2,1,1,-1,0.03571428571428571,0.03571428571428571,35.0,31.217391304347824,42,3146,0.013350286077558804
onlineshoppers,Weekend,94,28,432,2,1,1,-1,0.03571428571428571,0.03571428571428571,30.0,29.130434782608695,34,3078,0.011046133853151396
onlineshoppers,Weekend,95,27,417,2,1,1,-1,0.037037037037037035,0.037037037037037035,31.0,30.41176470588235,51,3166,0.016108654453569172
onlineshoppers,Weekend,96,28,454,2,1,1,-1,0.03571428571428571,0.035714285714285705,31.5,30.05,42,3138,0.01338432122370937
onlineshoppers,Weekend,97,28,418,3,1,1,-1,0.03571428571428572,0.03571428571428572,27.0,27.3,41,3132,0.013090676883780333
onlineshoppers,Weekend,98,28,429,3,1,1,-1,0.03571428571428571,0.03571428571428571,24.0,27.476190476190474,39,3008,0.012965425531914893
onlineshoppers,Weekend,99,28,397,3,1,2,-1,0.03571428571428571,0.035714285714285705,26.0,27.0,48,3082,0.015574302401038288
onlineshoppers,Weekend,100,28,406,3,1,2,-1,0.035714285714285705,0.035714285714285705,29.0,27.27777777777778,37,2984,0.012399463806970509
onlineshoppers,Weekend,101,28,389,3,1,1,-1,0.035714285714285705,0.035714285714285705,30.5,26.59090909090909,41,3080,0.013311688311688311
onlineshoppers,Weekend,102,28,433,2,1,1,-1,0.03571428571428571,0.03571428571428571,34.0,31.47826086956522,34,3068,0.01108213820078227
onlineshoppers,Weekend,103,28,437,2,1,1,-1,0.03571428571428571,0.03571428571428571,33.5,29.95,34,3034,0.01120632827949901
onlineshoppers,Weekend,104,28,409,3,1,1,-1,0.03571428571428571,0.03571428571428572,31.5,28.1,42,3154,0.013316423589093214
onlineshoppers,Weekend,105,28,438,2,1,1,-1,0.03571428571428571,0.03571428571428571,35.5,33.04545454545455,38,3138,0.012109623964308477
onlineshoppers,Weekend,106,28,428,3,1,2,-1,0.03571428571428571,0.03571428571428571,28.0,27.944444444444443,43,2934,0.01465576005453306
onlineshoppers,Weekend,107,28,426,2,1,2,-1,0.03571428571428571,0.03571428571428571,32.0,28.761904761904763,32,3076,0.010403120936280884
onlineshoppers,Weekend,108,28,416,3,1,2,-1,0.03571428571428572,0.03571428571428571,30.0,28.05,45,3034,0.014831905075807514
onlineshoppers,Weekend,109,28,456,2,1,1,-1,0.03571428571428571,0.03571428571428571,35.0,33.13636363636363,43,3104,0.013853092783505154
onlineshoppers,Weekend,110,28,430,2,1,1,-1,0.03571428571428571,0.035714285714285705,33.5,32.083333333333336,41,3024,0.013558201058201057
onlineshoppers,Weekend,111,28,429,3,1,2,-1,0.03571428571428571,0.035714285714285705,30.0,28.608695652173914,40,3188,0.012547051442910916
onlineshoppers,Weekend,112,28,409,2,1,1,-1,0.03571428571428572,0.03571428571428571,28.0,27.681818181818183,36,3124,0.011523687580025609
onlineshoppers,Weekend,113,28,430,2,1,2,-1,0.03571428571428571,0.03571428571428572,26.5,27.4,42,3112,0.013496143958868894
onlineshoppers,Weekend,114,28,404,3,1,2,-1,0.03571428571428571,0.03571428571428571,31.0,29.285714285714285,53,3152,0.01681472081218274
onlineshoppers,Weekend,115,28,446,2,1,1,-1,0.03571428571428572,0.03571428571428572,32.5,31.458333333333332,36,3134,0.01148691767708998
onlineshoppers,Weekend,116,28,402,3,1,1,-1,0.03571428571428571,0.035714285714285705,32.0,29.12,49,3034,0.016150296638101518
onlineshoppers,Weekend,117,28,444,2,1,1,-1,0.03571428571428571,0.035714285714285705,32.5,31.90909090909091,47,3128,0.015025575447570333
onlineshoppers,Weekend,118,28,441,2,1,1,-1,0.03571428571428573,0.03571428571428572,33.0,31.6,46,3142,0.01464035646085296
onlineshoppers,Weekend,119,28,442,2,1,1,-1,0.03571428571428571,0.03571428571428572,32.0,31.17391304347826,37,3096,0.011950904392764857
onlineshoppers,Weekend,120,28,435,2,1,1,-1,0.03571428571428571,0.03571428571428572,33.5,31.045454545454547,38,3084,0.01232166018158236
onlineshoppers,Weekend,121,28,444,3,1,1,-1,0.03571428571428571,0.03571428571428571,30.5,31.0,41,3064,0.013381201044386422
onlineshoppers,Weekend,122,28,458,2,1,1,-1,0.03571428571428572,0.03571428571428571,32.0,30.952380952380953,41,3080,0.013311688311688311
onlineshoppers,Weekend,123,28,397,3,1,1,-1,0.03571428571428572,0.035714285714285705,24.0,26.363636363636363,37,2978,0.012424445936870383
onlineshoppers,Weekend,124,27,442,2,1,1,-1,0.03703703703703703,0.03703703703703703,33.0,32.21052631578947,43,3052,0.014089121887287025
onlineshoppers,Weekend,125,27,424,2,1,1,-1,0.037037037037037035,0.037037037037037035,31.0,30.095238095238095,40,3040,0.013157894736842105
onlineshoppers,Weekend,126,28,444,2,1,1,-1,0.03571428571428571,0.03571428571428572,31.0,29.94736842105263,47,3184,0.014761306532663316
onlineshoppers,Weekend,127,28,464,2,1,1,-1,0.03571428571428571,0.03571428571428571,33.5,33.53846153846154,43,3128,0.013746803069053709
onlineshoppers,Weekend,128,28,396,2,1,1,-1,0.035714285714285705,0.035714285714285705,30.0,27.608695652173914,36,3070,0.011726384364820847
onlineshoppers,Weekend,129,28,433,2,1,1,-1,0.03571428571428572,0.03571428571428572,28.5,29.4,39,3054,0.012770137524557957
onlineshoppers,Weekend,130,28,444,2,1,1,-1,0.03571428571428571,0.03571428571428572,31.5,30.3,40,3114,0.012845215157353885
onlineshoppers,Weekend,131,28,418,2,1,1,-1,0.035714285714285705,0.03571428571428571,32.5,29.85,44,3096,0.014211886304909561
onlineshoppers,Weekend,132,27,433,2,1,1,-1,0.037037037037037035,0.037037037037037035,29.5,29.3,39,2996,0.0130173564753004
onlineshoppers,Weekend,133,28,429,2,1,1,-1,0.03571428571428571,0.03571428571428572,29.0,28.73913043478261,45,3090,0.014563106796116505
onlineshoppers,Weekend,134,28,447,2,1,1,-1,0.03571428571428571,0.03571428571428571,29.0,30.476190476190474,34,3166,0.010739102969046115
onlineshoppers,Weekend,135,28,423,3,1,1,-1,0.03571428571428571,0.03571428571428572,29.0,28.565217391304348,45,3064,0.01468668407310705
onlineshoppers,Weekend,136,28,409,2,1,1,-1,0.03571428571428572,0.03571428571428571,28.0,28.47826086956522,37,3032,0.012203166226912929
onlineshoppers,Weekend,137,28,452,2,1,1,-1,0.03571428571428571,0.035714285714285705,30.0,29.75,44,3150,0.013968253968253968
onlineshoppers,Weekend,138,28,406,3,1,1,-1,0.03571428571428571,0.03571428571428571,26.5,26.05,43,2956,0.014546684709066306
onlineshoppers,Weekend,139,28,408,3,1,2,-1,0.03571428571428571,0.03571428571428572,27.0,27.136363636363637,36,3020,0.011920529801324504
onlineshoppers,Weekend,140,28,471,2,1,1,-1,0.03571428571428571,0.03571428571428571,34.0,32.94736842105263,42,3032,0.013852242744063324
onlineshoppers,Weekend,141,28,463,2,1,1,-1,0.03571428571428571,0.03571428571428572,37.0,32.523809523809526,42,3106,0.013522215067611075
onlineshoppers,Weekend,142,28,455,2,1,1,-1,0.03571428571428571,0.03571428571428571,31.0,31.19047619047619,35,3030,0.01155115511551155
onlineshoppers,Weekend,143,28,448,2,1,1,-1,0.03571428571428572,0.03571428571428571,29.0,31.38095238095238,41,3120,0.013141025641025641
onlineshoppers,Weekend,144,28,435,3,1,1,-1,0.03571428571428572,0.03571428571428571,33.5,31.09090909090909,35,3084,0.011348897535667963
onlineshoppers,Weekend,145,28,408,2,1,1,-1,0.03571428571428571,0.035714285714285705,32.0,29.5,42,3080,0.013636363636363636
onlineshoppers,Weekend,146,28,422,2,1,1,-1,0.03571428571428571,0.03571428571428571,26.0,29.19047619047619,37,3028,0.012219286657859974
onlineshoppers,Weekend,147,28,414,2,1,2,-1,0.03571428571428572,0.03571428571428572,31.5,29.136363636363637,39,3036,0.012845849802371542
onlineshoppers,Weekend,148,28,414,2,1,2,-1,0.03571428571428571,0.03571428571428571,30.0,29.272727272727273,38,3034,0.012524719841793012
onlineshoppers,Weekend,149,28,431,3,1,1,-1,0.03571428571428571,0.03571428571428571,34.0,32.1578947368421,45,3206,0.014036182158452901
onlineshoppers,Weekend,150,28,427,3,1,1,-1,0.035714285714285705,0.03571428571428571,31.0,28.761904761904763,43,2988,0.014390896921017403
onlineshoppers,Weekend,151,28,430,2,1,1,-1,0.03571428571428571,0.03571428571428571,30.5,29.15,41,3120,0.013141025641025641
onlineshoppers,Weekend,152,28,456,2,1,1,-1,0.03571428571428571,0.03571428571428571,31.5,30.4,44,3044,0.01445466491458607
onlineshoppers,Weekend,153,28,419,2,1,1,-1,0.03571428571428571,0.03571428571428572,30.5,28.40909090909091,38,3082,0.012329656067488644
onlineshoppers,Weekend,154,28,425,2,1,1,-1,0.03571428571428572,0.03571428571428571,27.0,28.0,34,2920,0.011643835616438357
onlineshoppers,Weekend,155,27,403,3,1,2,-1,0.037037037037037035,0.03703703703703704,31.5,29.65,37,3112,0.011889460154241645
onlineshoppers,Weekend,156,28,441,2,1,1,-1,0.03571428571428572,0.03571428571428571,29.0,29.31578947368421,40,3110,0.012861736334405145
onlineshoppers,Weekend,157,28,456,3,1,1,-1,0.03571428571428571,0.03571428571428572,37.0,34.2,42,3116,0.013478818998716302
onlineshoppers,Weekend,158,28,423,2,1,1,-1,0.03571428571428572,0.03571428571428571,30.0,28.636363636363637,39,3068,0.012711864406779662
onlineshoppers,Weekend,159,28,423,2,1,1,-1,0.03571428571428571,0.03571428571428571,36.0,31.68421052631579,43,3114,0.013808606294155427
onlineshoppers,Weekend,160,28,413,2,1,1,-1,0.03571428571428571,0.03571428571428572,32.0,29.90909090909091,39,3176,0.012279596977329974
onlineshoppers,Weekend,161,28,435,2,1,1,-1,0.035714285714285705,0.03571428571428571,31.0,31.333333333333332,42,3100,0.013548387096774193
onlineshoppers,Weekend,162,28,450,2,1,1,-1,0.035714285714285705,0.03571428571428571,29.0,29.772727272727273,46,3004,0.015312916111850865
onlineshoppers,Weekend,163,28,435,3,1,1,-1,0.03571428571428572,0.035714285714285705,33.0,31.63157894736842,42,2888,0.014542936288088643
onlineshoppers,Weekend,164,28,424,2,1,1,-1,0.03571428571428572,0.03571428571428571,31.0,29.1,49,3032,0.016160949868073878
onlineshoppers,Weekend,165,28,448,3,1,1,-1,0.03571428571428572,0.03571428571428571,27.0,28.842105263157894,48,3096,0.015503875968992248
onlineshoppers,Weekend,166,28,442,2,1,1,-1,0.03571428571428572,0.03571428571428571,31.0,30.48,35,3082,0.01135626216742375
onlineshoppers,Weekend,167,28,443,2,1,1,-1,0.03571428571428571,0.03571428571428571,30.0,30.0,35,3048,0.011482939632545932
onlineshoppers,Weekend,168,28,443,2,1,1,-1,0.03571428571428571,0.03571428571428571,30.0,31.217391304347824,43,3184,0.01350502512562814
onlineshoppers,Weekend,169,28,424,3,1,2,-1,0.03571428571428571,0.03571428571428571,28.0,29.09090909090909,45,3034,0.014831905075807514
onlineshoppers,Weekend,170,28,441,2,1,1,-1,0.03571428571428571,0.03571428571428571,36.5,33.0,46,3160,0.014556962025316455
onlineshoppers,Weekend,171,28,391,3,1,2,-1,0.035714285714285705,0.03571428571428571,28.5,26.5,47,3076,0.01527958387516255
onlineshoppers,Weekend,172,28,435,2,1,1,-1,0.03571428571428571,0.03571428571428571,31.0,29.85,49,2990,0.016387959866220735
onlineshoppers,Weekend,173,28,426,3,1,2,-1,0.03571428571428571,0.03571428571428572,28.5,27.25,44,3094,0.014221073044602456
onlineshoppers,Weekend,174,28,413,3,1,2,-1,0.03571428571428572,0.035714285714285705,31.5,29.09090909090909,49,2978,0.016453995970449966
onlineshoppers,Weekend,175,28,455,2,1,1,-1,0.03571428571428571,0.03571428571428571,32.0,29.90909090909091,35,3058,0.01144538914323087
onlineshoppers,Weekend,176,28,444,2,1,1,-1,0.03571428571428571,0.03571428571428572,31.0,32.61904761904762,39,3176,0.012279596977329974
onlineshoppers,Weekend,177,28,400,3,1,1,-1,0.03571428571428571,0.03571428571428571,32.5,28.5,59,3098,0.019044544867656554
onlineshoppers,Weekend,178,28,446,2,1,1,-1,0.03571428571428571,0.03571428571428571,32.0,31.28,45,3060,0.014705882352941176
onlineshoppers,Weekend,179,28,388,3,1,1,-1,0.03571428571428572,0.03571428571428572,27.0,27.15,41,3156,0.012991128010139416
onlineshoppers,Weekend,180,28,411,2,1,1,-1,0.03571428571428571,0.03571428571428571,28.0,27.818181818181817,41,3098,0.013234344738540994
onlineshoppers,Weekend,181,28,445,2,1,1,-1,0.03571428571428571,0.035714285714285705,26.0,30.142857142857142,36,2984,0.012064343163538873
onlineshoppers,Weekend,182,28,413,3,1,1,-1,0.03571428571428571,0.035714285714285705,29.0,27.727272727272727,41,3118,0.013149454778704297
onlineshoppers,Weekend,183,28,449,2,1,1,-1,0.03571428571428572,0.03571428571428571,32.0,30.727272727272727,37,3134,0.011805998723675814
onlineshoppers,Weekend,184,28,443,3,1,2,-1,0.03571428571428571,0.03571428571428572,30.0,30.48,35,3102,0.011283043197936816
onlineshoppers,Weekend,185,28,424,2,1,2,-1,0.03571428571428571,0.03571428571428571,28.0,27.857142857142858,40,3114,0.012845215157353885
onlineshoppers,Weekend,186,28,406,3,1,2,-1,0.03571428571428571,0.035714285714285705,31.0,26.652173913043477,46,3158,0.014566181127295756
onlineshoppers,Weekend,187,27,395,2,1,1,-1,0.03703703703703704,0.03703703703703704,29.0,26.68421052631579,38,3008,0.012632978723404254
onlineshoppers,Weekend,188,28,429,3,1,2,-1,0.03571428571428571,0.03571428571428573,31.5,30.045454545454547,40,2984,0.013404825737265416
onlineshoppers,Weekend,189,28,452,2,1,1,-1,0.03571428571428571,0.03571428571428571,34.0,32.09090909090909,34,3066,0.011089367253750815
onlineshoppers,Weekend,190,28,436,2,1,1,-1,0.03571428571428572,0.03571428571428571,32.5,31.0,42,3078,0.01364522417153996
onlineshoppers,Weekend,191,28,449,2,1,1,-1,0.03571428571428572,0.03571428571428571,31.0,31.333333333333332,37,3136,0.011798469387755101
onlineshoppers,Weekend,192,28,452,2,1,1,-1,0.03571428571428572,0.03571428571428571,28.0,29.523809523809526,41,3184,0.012876884422110553
onlineshoppers,Weekend,193,28,440,2,1,1,-1,0.03571428571428571,0.03571428571428572,32.0,31.05,42,3024,0.013888888888888888
onlineshoppers,Weekend,194,28,416,3,1,1,-1,0.03571428571428571,0.03571428571428571,33.0,29.238095238095237,41,3076,0.013328998699609884
onlineshoppers,Weekend,195,28,458,2,1,1,-1,0.03571428571428571,0.03571428571428571,31.5,31.8,47,3000,0.015666666666666666
onlineshoppers,Weekend,196,28,407,2,1,1,-1,0.03571428571428571,0.03571428571428571,29.5,29.272727272727273,49,3106,0.015775917578879587
onlineshoppers,Weekend,197,28,428,2,1,1,-1,0.03571428571428572,0.03571428571428571,33.5,30.541666666666668,50,3006,0.0166333998669328
onlineshoppers,Weekend,198,28,445,2,1,1,-1,0.03571428571428571,0.03571428571428571,29.5,29.666666666666668,37,3082,0.012005191434133679
onlineshoppers,Weekend,199,28,402,2,1,1,-1,0.03571428571428571,0.035714285714285705,28.5,28.166666666666668,41,3104,0.013208762886597938
onlineshoppers,Weekend,200,28,429,2,1,1,-1,0.03571428571428571,0.03571428571428571,29.5,30.636363636363637,36,3112,0.011568123393316195
onlineshoppers,Weekend,201,28,431,2,1,1,-1,0.03571428571428572,0.03571428571428571,31.0,29.38095238095238,46,3162,0.01454775458570525
onlineshoppers,Weekend,202,28,420,2,1,1,-1,0.03571428571428571,0.03571428571428571,33.5,31.40909090909091,41,3052,0.013433813892529489
onlineshoppers,Weekend,203,28,433,2,1,1,-1,0.03571428571428571,0.03571428571428571,29.0,29.904761904761905,44,3120,0.014102564102564103
onlineshoppers,Weekend,204,28,426,3,1,2,-1,0.03571428571428571,0.03571428571428571,28.0,28.238095238095237,37,3062,0.012083605486610059
onlineshoppers,Weekend,205,28,431,3,1,1,-1,0.03571428571428571,0.035714285714285705,33.5,31.227272727272727,47,3086,0.0152300712896954
onlineshoppers,Weekend,206,28,370,3,1,1,-1,0.03571428571428571,0.03571428571428571,25.0,24.529411764705884,36,3128,0.011508951406649617
onlineshoppers,Weekend,207,28,428,3,1,1,-1,0.03571428571428572,0.03571428571428571,32.5,30.083333333333332,44,2958,0.014874915483434753
onlineshoppers,Weekend,208,28,424,2,1,1,-1,0.03571428571428571,0.03571428571428572,25.0,27.285714285714285,49,3046,0.01608667104399212
onlineshoppers,Weekend,209,28,439,2,1,1,-1,0.03571428571428571,0.03571428571428571,33.5,31.90909090909091,36,3054,0.011787819253438114
onlineshoppers,Weekend,210,28,407,3,1,3,-1,0.03571428571428571,0.035714285714285705,30.5,28.416666666666668,40,3108,0.01287001287001287
onlineshoppers,Weekend,211,28,407,3,1,1,-1,0.03571428571428571,0.03571428571428571,29.0,28.26086956521739,48,2968,0.016172506738544475
onlineshoppers,Weekend,212,28,410,2,1,1,-1,0.03571428571428571,0.03571428571428571,28.5,29.416666666666668,38,3054,0.012442698100851343
onlineshoppers,Weekend,213,28,430,3,1,1,-1,0.03571428571428571,0.035714285714285705,29.5,29.875,40,3028,0.013210039630118891
onlineshoppers,Weekend,214,28,454,2,1,1,-1,0.03571428571428572,0.03571428571428571,29.5,30.7,44,3180,0.013836477987421384
onlineshoppers,Weekend,215,28,435,3,1,1,-1,0.03571428571428571,0.03571428571428571,31.5,30.727272727272727,42,3144,0.013358778625954198
onlineshoppers,Weekend,216,28,441,3,1,2,-1,0.03571428571428572,0.03571428571428571,29.5,28.6875,38,3120,0.01217948717948718
onlineshoppers,Weekend,217,28,440,2,1,1,-1,0.03571428571428571,0.03571428571428571,33.0,30.857142857142858,41,3116,0.013157894736842105
onlineshoppers,Weekend,218,28,396,3,1,2,-1,0.03571428571428572,0.03571428571428571,28.0,27.8,38,3182,0.011942174732872407
onlineshoppers,Weekend,219,27,425,2,1,1,-1,0.037037037037037035,0.037037037037037035,32.0,30.782608695652176,52,3214,0.016179215930304917
onlineshoppers,Weekend,220,28,442,2,1,1,-1,0.03571428571428571,0.03571428571428571,28.5,28.681818181818183,48,3076,0.015604681404421327
onlineshoppers,Weekend,221,28,412,2,1,2,-1,0.03571428571428572,0.035714285714285705,29.0,27.36842105263158,42,3056,0.0137434554973822
onlineshoppers,Weekend,222,28,466,2,1,1,-1,0.03571428571428571,0.03571428571428572,32.5,31.5,38,3174,0.011972274732199117
onlineshoppers,Weekend,223,28,449,3,1,2,-1,0.03571428571428572,0.03571428571428571,35.0,31.375,38,3130,0.012140575079872205
onlineshoppers,Weekend,224,28,425,2,1,1,-1,0.03571428571428571,0.03571428571428572,31.0,28.625,40,3000,0.013333333333333334
onlineshoppers,Weekend,225,28,432,2,1,1,-1,0.03571428571428571,0.03571428571428572,31.0,29.19047619047619,45,3086,0.01458198314970836
onlineshoppers,Weekend,226,28,436,2,1,1,-1,0.03571428571428572,0.03571428571428571,29.5,29.636363636363637,53,2992,0.01771390374331551
onlineshoppers,Weekend,227,28,443,2,1,1,-1,0.03571428571428571,0.03571428571428572,29.5,30.454545454545453,38,3032,0.012532981530343008
onlineshoppers,Weekend,228,28,447,2,1,1,-1,0.035714285714285705,0.03571428571428572,30.0,30.434782608695652,41,3038,0.013495720868992759
onlineshoppers,Weekend,229,28,424,3,1,2,-1,0.03571428571428571,0.035714285714285705,31.0,29.82608695652174,44,3102,0.014184397163120567
onlineshoppers,Weekend,230,28,394,3,1,4,-1,0.03571428571428571,0.03571428571428572,30.0,26.571428571428573,38,3048,0.012467191601049869
onlineshoppers,Weekend,231,28,384,2,1,2,-1,0.03571428571428571,0.03571428571428572,27.0,26.166666666666668,42,3058,0.013734466971877043
onlineshoppers,Weekend,232,28,423,2,1,1,-1,0.03571428571428571,0.03571428571428571,31.0,30.608695652173914,40,3000,0.013333333333333334
onlineshoppers,Weekend,233,28,425,3,1,1,-1,0.03571428571428572,0.03571428571428571,32.0,30.80952380952381,40,3004,0.013315579227696404
onlineshoppers,Weekend,234,28,430,2,1,1,-1,0.03571428571428573,0.03571428571428571,33.5,30.125,37,2974,0.012441156691324815
onlineshoppers,Weekend,235,28,437,3,1,1,-1,0.03571428571428571,0.03571428571428571,29.5,31.045454545454547,43,3106,0.013844172569220863
onlineshoppers,Weekend,236,28,441,2,1,1,-1,0.03571428571428572,0.03571428571428571,30.0,30.42105263157895,48,2994,0.01603206412825651
onlineshoppers,Weekend,237,28,431,2,1,1,-1,0.03571428571428571,0.03571428571428571,32.0,30.08,39,3098,0.012588766946417043
onlineshoppers,Weekend,238,28,414,3,1,1,-1,0.03571428571428571,0.03571428571428572,30.5,29.25,47,3080,0.01525974025974026
onlineshoppers,Weekend,239,28,435,2,1,1,-1,0.03571428571428572,0.03571428571428572,33.0,30.818181818181817,38,3008,0.012632978723404254
onlineshoppers,Weekend,240,28,443,2,1,1,-1,0.035714285714285705,0.03571428571428572,33.5,31.541666666666668,37,3098,0.011943189154293092
onlineshoppers,Weekend,241,28,429,2,1,2,-1,0.03571428571428572,0.03571428571428571,31.0,30.130434782608695,35,3078,0.011371020142949967
onlineshoppers,Weekend,242,28,457,2,1,1,-1,0.03571428571428571,0.03571428571428571,31.0,30.428571428571427,54,3056,0.01767015706806283
onlineshoppers,Weekend,243,28,455,2,1,1,-1,0.03571428571428572,0.035714285714285705,34.5,31.954545454545453,33,3162,0.010436432637571158
onlineshoppers,Weekend,244,28,408,3,1,3,-1,0.03571428571428571,0.03571428571428571,29.5,28.772727272727273,41,3082,0.013303049967553536
onlineshoppers,Weekend,245,27,414,3,1,1,-1,0.037037037037037035,0.03703703703703704,29.0,29.333333333333332,44,3042,0.014464168310322156
onlineshoppers,Weekend,246,28,455,2,1,1,-1,0.03571428571428571,0.03571428571428572,35.0,32.05,44,3078,0.014294996751137101
onlineshoppers,Weekend,247,28,447,2,1,1,-1,0.03571428571428572,0.035714285714285705,35.0,32.31818181818182,41,3014,0.013603185136031851
onlineshoppers,Weekend,248,28,418,2,1,1,-1,0.03571428571428571,0.03571428571428571,27.0,30.5,35,3100,0.01129032258064516
onlineshoppers,Weekend,249,28,412,3,1,1,-1,0.03571428571428571,0.03571428571428571,35.0,29.473684210526315,45,3166,0.014213518635502211
onlineshoppers,Weekend,250,28,450,2,1,1,-1,0.035714285714285705,0.03571428571428572,31.0,30.523809523809526,45,3022,0.014890800794176042
onlineshoppers,Weekend,251,28,430,2,1,1,-1,0.03571428571428571,0.03571428571428572,31.0,31.36842105263158,33,3016,0.010941644562334218
onlineshoppers,Weekend,252,28,386,3,1,1,-1,0.03571428571428571,0.03571428571428572,27.0,25.0,38,3170,0.011987381703470032
onlineshoppers,Weekend,253,28,370,3,1,2,-1,0.03571428571428572,0.03571428571428573,31.0,26.05263157894737,40,3082,0.012978585334198572
onlineshoppers,Weekend,254,28,398,3,1,1,-1,0.035714285714285705,0.03571428571428571,28.0,27.45,35,3036,0.01152832674571805
onlineshoppers,Weekend,255,28,433,3,1,1,-1,0.03571428571428571,0.035714285714285705,31.5,30.458333333333332,36,3076,0.011703511053315995
onlineshoppers,Weekend,256,28,430,3,1,2,-1,0.03571428571428571,0.03571428571428573,31.0,28.952380952380953,40,3086,0.012961762799740765
onlineshoppers,Weekend,257,28,432,2,1,1,-1,0.03571428571428571,0.03571428571428571,30.0,28.6,44,3082,0.01427644386761843
onlineshoppers,Weekend,258,28,421,3,1,2,-1,0.03571428571428571,0.03571428571428571,30.0,30.136363636363637,37,3080,0.012012987012987014
onlineshoppers,Weekend,259,28,404,3,1,2,-1,0.03571428571428571,0.03571428571428571,26.5,26.75,33,3090,0.010679611650485437
onlineshoppers,Weekend,260,28,407,3,1,1,-1,0.03571428571428571,0.03571428571428573,30.0,29.0,49,3104,0.015786082474226804
onlineshoppers,Weekend,261,28,436,3,1,2,-1,0.03571428571428571,0.03571428571428571,33.0,29.857142857142858,37,3024,0.012235449735449735
onlineshoppers,Weekend,262,28,452,2,1,1,-1,0.035714285714285705,0.035714285714285705,33.0,31.956521739130434,39,3134,0.01244416081684748
onlineshoppers,Weekend,263,28,461,2,1,1,-1,0.03571428571428571,0.03571428571428572,33.0,31.695652173913043,34,3040,0.01118421052631579
onlineshoppers,Weekend,264,28,407,2,1,1,-1,0.03571428571428571,0.03571428571428571,30.5,29.375,43,3066,0.014024787997390736
onlineshoppers,Weekend,265,28,434,2,1,1,-1,0.035714285714285705,0.03571428571428571,30.0,30.59090909090909,41,3034,0.013513513513513514
onlineshoppers,Weekend,266,28,444,3,1,2,-1,0.03571428571428571,0.035714285714285705,29.0,29.727272727272727,41,3034,0.013513513513513514
onlineshoppers,Weekend,267,28,417,3,1,2,-1,0.03571428571428571,0.03571428571428571,28.5,28.59090909090909,37,2992,0.012366310160427808
onlineshoppers,Weekend,268,28,403,4,1,3,-1,0.03571428571428572,0.03571428571428571,25.0,26.38888888888889,37,3028,0.012219286657859974
onlineshoppers,Weekend,269,28,401,3,1,2,-1,0.03571428571428572,0.03571428571428571,31.0,28.75,35,3076,0.011378413524057216
onlineshoppers,Weekend,270,28,440,2,1,1,-1,0.03571428571428571,0.03571428571428572,32.0,30.428571428571427,33,3060,0.010784313725490196
onlineshoppers,Weekend,271,28,402,2,1,1,-1,0.03571428571428571,0.03571428571428571,28.0,28.36,44,3100,0.014193548387096775
onlineshoppers,Weekend,272,28,444,3,1,2,-1,0.035714285714285705,0.03571428571428571,32.0,31.037037037037038,40,3006,0.01330671989354624
onlineshoppers,Weekend,273,28,398,3,1,2,-1,0.03571428571428571,0.03571428571428572,26.0,27.695652173913043,41,3158,0.012982900569981
onlineshoppers,Weekend,274,28,433,2,1,1,-1,0.03571428571428572,0.03571428571428572,30.0,29.458333333333332,40,3110,0.012861736334405145
onlineshoppers,Weekend,275,28,435,3,1,1,-1,0.03571428571428572,0.03571428571428571,28.0,28.857142857142858,41,3082,0.013303049967553536
onlineshoppers,Weekend,276,27,408,2,1,1,-1,0.037037037037037035,0.037037037037037035,31.5,29.85,40,2952,0.013550135501355014
onlineshoppers,Weekend,277,28,445,3,1,2,-1,0.03571428571428571,0.03571428571428571,29.0,29.80952380952381,48,3074,0.015614834092387769
onlineshoppers,Weekend,278,28,413,3,1,1,-1,0.03571428571428572,0.03571428571428571,33.0,29.428571428571427,50,3166,0.015792798483891344
onlineshoppers,Weekend,279,28,459,3,1,1,-1,0.03571428571428571,0.03571428571428572,32.0,29.952380952380953,33,3116,0.010590500641848523
onlineshoppers,Weekend,280,28,435,3,1,2,-1,0.03571428571428571,0.03571428571428572,28.0,28.666666666666668,41,3140,0.013057324840764332
onlineshoppers,Weekend,281,28,451,2,1,1,-1,0.03571428571428571,0.03571428571428571,33.0,31.571428571428573,40,3146,0.012714558169103624
onlineshoppers,Weekend,282,28,394,3,1,2,-1,0.03571428571428571,0.03571428571428571,31.0,27.84,43,3146,0.013668150031786395
onlineshoppers,Weekend,283,28,446,3,1,1,-1,0.03571428571428572,0.03571428571428571,28.0,28.90909090909091,49,3058,0.016023544800523218
onlineshoppers,Weekend,284,28,447,2,1,1,-1,0.03571428571428572,0.03571428571428571,30.5,30.227272727272727,44,3060,0.01437908496732026
onlineshoppers,Weekend,285,28,466,2,1,1,-1,0.03571428571428571,0.03571428571428571,32.0,31.714285714285715,39,3176,0.012279596977329974
onlineshoppers,Weekend,286,28,451,3,1,2,-1,0.03571428571428573,0.03571428571428571,36.0,32.5,37,3194,0.011584220413274891
onlineshoppers,Weekend,287,28,424,3,1,2,-1,0.03571428571428571,0.03571428571428572,34.0,29.857142857142858,33,3088,0.010686528497409326
onlineshoppers,Weekend,288,28,415,3,1,2,-1,0.03571428571428571,0.035714285714285705,34.0,30.0,33,3062,0.01077726975832789
onlineshoppers,Weekend,289,27,432,2,1,1,-1,0.037037037037037035,0.037037037037037035,30.5,30.25,42,3110,0.013504823151125401
onlineshoppers,Weekend,290,28,407,3,1,1,-1,0.03571428571428571,0.035714285714285705,27.0,26.40909090909091,40,3068,0.01303780964797914
onlineshoppers,Weekend,291,28,442,2,1,1,-1,0.03571428571428571,0.03571428571428571,31.5,30.772727272727273,31,2978,0.010409670920080591
onlineshoppers,Weekend,292,28,419,3,1,2,-1,0.03571428571428571,0.03571428571428572,32.0,28.761904761904763,46,3150,0.014603174603174604
onlineshoppers,Weekend,293,28,415,3,1,3,-1,0.03571428571428571,0.03571428571428571,30.0,28.391304347826086,38,2950,0.01288135593220339
onlineshoppers,Weekend,294,28,435,3,1,3,-1,0.03571428571428572,0.03571428571428571,31.0,30.238095238095237,41,3064,0.013381201044386422
onlineshoppers,Weekend,295,28,417,3,1,1,-1,0.03571428571428572,0.03571428571428571,28.0,27.227272727272727,57,3040,0.01875
onlineshoppers,Weekend,296,28,424,3,1,2,-1,0.03571428571428571,0.03571428571428571,31.0,29.636363636363637,35,3116,0.011232349165596919
onlineshoppers,Weekend,297,28,420,2,1,2,-1,0.03571428571428572,0.035714285714285705,27.5,28.136363636363637,35,2960,0.011824324324324325
onlineshoppers,Weekend,298,28,425,2,1,2,-1,0.03571428571428571,0.03571428571428572,30.0,29.63157894736842,42,3080,0.013636363636363636
onlineshoppers,Weekend,299,27,414,3,1,1,-1,0.037037037037037035,0.03703703703703703,31.5,27.333333333333332,41,3062,0.013389941214892228
onlineshoppers,Vanilla,0,27,318,3,1,1,-1,0.037037037037037035,0.037037037037037035,24.5,23.6,24,1614,0.01486988847583643
onlineshoppers,Vanilla,1,28,322,3,1,1,-1,0.035714285714285705,0.03571428571428572,30.0,26.31578947368421,25,1684,0.014845605700712588
onlineshoppers,Vanilla,2,26,304,2,1,1,-1,0.03846153846153846,0.038461538461538464,22.5,23.27777777777778,27,1558,0.017329910141206675
onlineshoppers,Vanilla,3,26,306,3,1,3,-1,0.038461538461538464,0.038461538461538464,25.0,23.85,27,1682,0.01605231866825208
onlineshoppers,Vanilla,4,25,318,3,1,2,-1,0.04000000000000001,0.039999999999999994,27.0,24.263157894736842,25,1822,0.013721185510428101
onlineshoppers,Vanilla,5,28,327,3,1,1,-1,0.03571428571428571,0.03571428571428571,21.0,23.095238095238095,25,1740,0.014367816091954023
onlineshoppers,Vanilla,6,26,310,2,1,1,-1,0.038461538461538464,0.03846153846153845,28.0,25.823529411764707,25,1656,0.015096618357487922
onlineshoppers,Vanilla,7,28,349,3,1,1,-1,0.03571428571428571,0.03571428571428572,22.0,23.238095238095237,27,1820,0.014835164835164835
onlineshoppers,Vanilla,8,28,324,3,1,2,-1,0.03571428571428571,0.03571428571428571,21.5,21.954545454545453,27,1834,0.014721919302071973
onlineshoppers,Vanilla,9,27,292,3,1,2,-1,0.037037037037037035,0.03703703703703704,21.0,21.22222222222222,30,1618,0.018541409147095178
onlineshoppers,Vanilla,10,27,319,3,1,1,-1,0.03703703703703704,0.03703703703703704,20.0,22.565217391304348,23,1636,0.014058679706601468
onlineshoppers,Vanilla,11,28,334,3,1,1,-1,0.03571428571428571,0.03571428571428572,23.0,23.904761904761905,26,1644,0.015815085158150853
onlineshoppers,Vanilla,12,27,294,3,1,1,-1,0.037037037037037035,0.037037037037037035,25.0,22.19047619047619,25,1600,0.015625
onlineshoppers,Vanilla,13,28,314,3,1,1,-1,0.035714285714285705,0.03571428571428572,25.5,23.9,27,1628,0.016584766584766583
onlineshoppers,Vanilla,14,28,337,3,1,2,-1,0.035714285714285705,0.03571428571428571,23.0,23.608695652173914,28,1862,0.015037593984962405
onlineshoppers,Vanilla,15,26,331,2,1,1,-1,0.038461538461538464,0.03846153846153847,22.5,23.65,23,1670,0.013772455089820359
onlineshoppers,Vanilla,16,27,304,3,1,1,-1,0.03703703703703703,0.037037037037037035,26.5,23.38888888888889,27,1666,0.016206482593037214
onlineshoppers,Vanilla,17,27,336,3,1,1,-1,0.037037037037037035,0.03703703703703704,28.0,25.294117647058822,28,1630,0.01717791411042945
onlineshoppers,Vanilla,18,28,345,3,1,1,-1,0.03571428571428573,0.03571428571428571,24.0,23.0,24,1884,0.012738853503184714
onlineshoppers,Vanilla,19,26,307,2,1,1,-1,0.03846153846153845,0.038461538461538464,23.0,23.157894736842106,27,1660,0.016265060240963854
onlineshoppers,Vanilla,20,28,322,3,1,1,-1,0.03571428571428571,0.03571428571428571,26.5,23.09090909090909,24,1694,0.014167650531286895
onlineshoppers,Vanilla,21,26,341,2,1,1,-1,0.038461538461538464,0.03846153846153847,19.5,24.38888888888889,23,1750,0.013142857142857144
onlineshoppers,Vanilla,22,27,314,3,1,1,-1,0.03703703703703704,0.037037037037037035,19.0,22.444444444444443,24,1610,0.014906832298136646
onlineshoppers,Vanilla,23,27,342,3,1,1,-1,0.037037037037037035,0.03703703703703704,27.5,24.2,26,1656,0.01570048309178744
onlineshoppers,Vanilla,24,26,287,3,1,1,-1,0.038461538461538464,0.03846153846153846,21.0,20.095238095238095,25,1586,0.015762925598991173
onlineshoppers,Vanilla,25,27,322,3,1,2,-1,0.037037037037037035,0.03703703703703704,25.0,24.05263157894737,30,1738,0.01726121979286536
onlineshoppers,Vanilla,26,26,304,2,1,1,-1,0.03846153846153847,0.03846153846153847,27.5,25.15,25,1608,0.01554726368159204
onlineshoppers,Vanilla,27,27,318,2,1,1,-1,0.03703703703703703,0.037037037037037035,19.0,22.764705882352942,23,1734,0.0132641291810842
onlineshoppers,Vanilla,28,26,299,3,1,1,-1,0.03846153846153846,0.03846153846153847,24.0,23.1,24,1506,0.01593625498007968
onlineshoppers,Vanilla,29,28,328,3,1,1,-1,0.03571428571428571,0.03571428571428572,22.0,23.08695652173913,25,1642,0.015225334957369063
onlineshoppers,Vanilla,30,26,348,2,1,1,-1,0.038461538461538464,0.038461538461538464,28.0,27.272727272727273,24,1852,0.012958963282937365
onlineshoppers,Vanilla,31,27,321,3,1,1,-1,0.037037037037037035,0.03703703703703704,24.5,23.181818181818183,26,1614,0.0161090458488228
onlineshoppers,Vanilla,32,27,357,2,1,1,-1,0.03703703703703704,0.037037037037037035,29.0,27.294117647058822,24,1912,0.012552301255230125
onlineshoppers,Vanilla,33,27,312,3,1,1,-1,0.03703703703703704,0.037037037037037035,20.0,21.36842105263158,22,1574,0.01397712833545108
onlineshoppers,Vanilla,34,28,325,3,1,1,-1,0.03571428571428571,0.03571428571428571,20.5,21.90909090909091,29,1606,0.01805728518057285
onlineshoppers,Vanilla,35,27,320,3,1,1,-1,0.037037037037037035,0.03703703703703704,26.0,23.636363636363637,25,1592,0.015703517587939697
onlineshoppers,Vanilla,36,27,319,3,1,1,-1,0.037037037037037035,0.037037037037037035,25.5,23.833333333333332,22,1592,0.013819095477386936
onlineshoppers,Vanilla,37,25,308,2,1,1,-1,0.04,0.04000000000000001,27.0,24.842105263157894,26,1610,0.016149068322981366
onlineshoppers,Vanilla,38,27,320,3,1,1,-1,0.037037037037037035,0.03703703703703704,23.5,23.6,25,1740,0.014367816091954023
onlineshoppers,Vanilla,39,28,346,3,1,1,-1,0.035714285714285705,0.03571428571428571,24.0,25.428571428571427,27,1910,0.014136125654450262
onlineshoppers,Vanilla,40,28,300,3,1,1,-1,0.03571428571428571,0.03571428571428571,25.5,22.5,30,1570,0.01910828025477707
onlineshoppers,Vanilla,41,27,343,3,1,1,-1,0.03703703703703703,0.037037037037037035,31.0,26.473684210526315,25,1718,0.014551804423748545
onlineshoppers,Vanilla,42,28,327,3,1,1,-1,0.03571428571428571,0.03571428571428571,23.5,24.0,26,1570,0.016560509554140127
onlineshoppers,Vanilla,43,26,309,3,1,2,-1,0.038461538461538464,0.038461538461538464,25.0,23.285714285714285,28,1900,0.014736842105263158
onlineshoppers,Vanilla,44,26,315,2,1,1,-1,0.03846153846153846,0.038461538461538464,21.0,23.952380952380953,24,1712,0.014018691588785047
onlineshoppers,Vanilla,45,26,334,2,1,1,-1,0.03846153846153848,0.03846153846153847,24.0,24.347826086956523,26,1788,0.0145413870246085
onlineshoppers,Vanilla,46,27,323,3,1,1,-1,0.037037037037037035,0.03703703703703703,21.0,24.1,28,1706,0.016412661195779603
onlineshoppers,Vanilla,47,27,321,2,1,1,-1,0.037037037037037035,0.037037037037037035,22.0,23.19047619047619,23,1738,0.013233601841196778
onlineshoppers,Vanilla,48,26,310,2,1,1,-1,0.038461538461538464,0.03846153846153847,26.0,23.61111111111111,24,1520,0.015789473684210527
onlineshoppers,Vanilla,49,27,308,3,1,2,-1,0.03703703703703704,0.037037037037037035,25.0,23.25,25,1810,0.013812154696132596
onlineshoppers,Vanilla,50,26,322,2,1,1,-1,0.03846153846153846,0.03846153846153846,28.0,24.75,28,1822,0.015367727771679473
onlineshoppers,Vanilla,51,27,318,3,1,1,-1,0.037037037037037035,0.037037037037037035,29.0,24.61111111111111,26,1868,0.013918629550321198
onlineshoppers,Vanilla,52,27,300,3,1,2,-1,0.037037037037037035,0.037037037037037035,23.0,21.94736842105263,25,1674,0.014934289127837515
onlineshoppers,Vanilla,53,28,322,3,1,1,-1,0.03571428571428571,0.03571428571428571,27.0,24.428571428571427,24,1760,0.013636363636363636
onlineshoppers,Vanilla,54,27,363,3,1,1,-1,0.037037037037037035,0.037037037037037035,33.0,29.11111111111111,27,1896,0.014240506329113924
onlineshoppers,Vanilla,55,28,338,3,1,1,-1,0.035714285714285705,0.03571428571428572,23.0,23.571428571428573,27,1576,0.01713197969543147
onlineshoppers,Vanilla,56,27,332,3,1,1,-1,0.03703703703703703,0.037037037037037035,24.5,24.61111111111111,28,1794,0.01560758082497213
onlineshoppers,Vanilla,57,26,317,2,1,1,-1,0.038461538461538464,0.03846153846153847,25.0,25.0,22,1720,0.012790697674418604
onlineshoppers,Vanilla,58,27,298,3,1,1,-1,0.037037037037037035,0.037037037037037035,20.0,21.82608695652174,24,1588,0.015113350125944584
onlineshoppers,Vanilla,59,28,323,3,1,1,-1,0.03571428571428572,0.03571428571428571,23.0,23.08695652173913,27,1662,0.016245487364620937
onlineshoppers,Vanilla,60,27,319,3,1,1,-1,0.037037037037037035,0.03703703703703704,21.0,23.05263157894737,28,1634,0.017135862913096694
onlineshoppers,Vanilla,61,28,334,3,1,3,-1,0.03571428571428572,0.03571428571428571,21.0,23.047619047619047,25,1834,0.013631406761177753
onlineshoppers,Vanilla,62,27,280,3,1,2,-1,0.037037037037037035,0.037037037037037035,21.0,20.90909090909091,23,1540,0.014935064935064935
onlineshoppers,Vanilla,63,27,317,3,1,2,-1,0.03703703703703704,0.037037037037037035,22.0,22.956521739130434,27,1860,0.014516129032258065
onlineshoppers,Vanilla,64,27,340,3,1,1,-1,0.037037037037037035,0.03703703703703703,21.0,23.842105263157894,26,1862,0.013963480128893663
onlineshoppers,Vanilla,65,27,319,2,1,1,-1,0.03703703703703704,0.037037037037037035,25.0,23.428571428571427,26,1744,0.014908256880733946
onlineshoppers,Vanilla,66,27,329,3,1,1,-1,0.037037037037037035,0.03703703703703703,25.0,25.238095238095237,30,1648,0.01820388349514563
onlineshoppers,Vanilla,67,27,287,3,1,2,-1,0.03703703703703704,0.03703703703703703,21.0,20.333333333333332,24,1568,0.015306122448979591
onlineshoppers,Vanilla,68,27,332,3,1,2,-1,0.037037037037037035,0.03703703703703704,25.0,24.6,31,1622,0.01911220715166461
onlineshoppers,Vanilla,69,27,344,3,1,1,-1,0.037037037037037035,0.037037037037037035,24.0,25.818181818181817,27,1908,0.014150943396226415
onlineshoppers,Vanilla,70,27,315,3,1,2,-1,0.037037037037037035,0.03703703703703703,23.0,22.63157894736842,25,1576,0.015862944162436547
onlineshoppers,Vanilla,71,28,332,3,1,1,-1,0.03571428571428572,0.03571428571428571,29.0,25.5,25,1758,0.01422070534698521
onlineshoppers,Vanilla,72,27,318,3,1,2,-1,0.03703703703703704,0.03703703703703703,26.5,24.88888888888889,19,1676,0.011336515513126491
onlineshoppers,Vanilla,73,26,339,2,1,1,-1,0.038461538461538464,0.038461538461538464,20.0,24.263157894736842,27,1768,0.015271493212669683
onlineshoppers,Vanilla,74,27,335,3,1,1,-1,0.03703703703703704,0.037037037037037035,23.0,24.68421052631579,23,1698,0.013545347467608953
onlineshoppers,Vanilla,75,27,310,2,1,1,-1,0.037037037037037035,0.03703703703703703,22.0,23.105263157894736,28,1754,0.01596351197263398
onlineshoppers,Vanilla,76,28,331,3,1,1,-1,0.03571428571428571,0.03571428571428572,20.5,21.541666666666668,23,1638,0.014041514041514042
onlineshoppers,Vanilla,77,26,321,2,1,1,-1,0.038461538461538464,0.03846153846153846,19.0,21.529411764705884,30,1606,0.0186799501867995
onlineshoppers,Vanilla,78,26,313,2,1,1,-1,0.038461538461538464,0.03846153846153846,22.0,22.65,29,1586,0.01828499369482976
onlineshoppers,Vanilla,79,26,291,3,1,2,-1,0.038461538461538464,0.03846153846153846,19.0,19.77777777777778,26,1598,0.016270337922403004
onlineshoppers,Vanilla,80,26,327,2,1,1,-1,0.03846153846153846,0.03846153846153847,27.0,24.05263157894737,22,1618,0.013597033374536464
onlineshoppers,Vanilla,81,27,330,3,1,1,-1,0.037037037037037035,0.03703703703703704,19.5,21.95,26,1638,0.015873015873015872
onlineshoppers,Vanilla,82,28,344,3,1,1,-1,0.03571428571428571,0.03571428571428572,26.0,26.0,27,1828,0.01477024070021882
onlineshoppers,Vanilla,83,28,344,3,1,1,-1,0.03571428571428571,0.03571428571428572,25.0,25.043478260869566,25,1766,0.014156285390713477
onlineshoppers,Vanilla,84,27,309,3,1,1,-1,0.037037037037037035,0.037037037037037035,27.0,23.695652173913043,28,1556,0.017994858611825194
onlineshoppers,Vanilla,85,28,326,3,1,2,-1,0.03571428571428571,0.03571428571428571,23.5,23.0,26,1720,0.015116279069767442
onlineshoppers,Vanilla,86,25,305,2,1,1,-1,0.039999999999999994,0.04,23.0,22.941176470588236,25,1742,0.014351320321469576
onlineshoppers,Vanilla,87,27,322,3,1,2,-1,0.03703703703703703,0.037037037037037035,24.0,23.5,22,1696,0.012971698113207548
onlineshoppers,Vanilla,88,27,323,3,1,1,-1,0.037037037037037035,0.037037037037037035,20.0,22.363636363636363,26,1610,0.016149068322981366
onlineshoppers,Vanilla,89,27,316,3,1,2,-1,0.037037037037037035,0.03703703703703703,30.0,24.705882352941178,24,1640,0.014634146341463415
onlineshoppers,Vanilla,90,27,318,3,1,1,-1,0.03703703703703704,0.03703703703703704,26.0,24.473684210526315,25,1690,0.014792899408284023
onlineshoppers,Vanilla,91,28,333,3,1,1,-1,0.03571428571428571,0.03571428571428571,22.5,23.333333333333332,32,1774,0.018038331454340473
onlineshoppers,Vanilla,92,27,343,2,1,1,-1,0.037037037037037035,0.037037037037037035,23.0,24.95,31,1696,0.018278301886792452
onlineshoppers,Vanilla,93,26,324,2,1,1,-1,0.038461538461538464,0.038461538461538464,26.0,25.444444444444443,28,1756,0.015945330296127564
onlineshoppers,Vanilla,94,27,326,3,1,1,-1,0.037037037037037035,0.037037037037037035,20.5,23.2,25,1706,0.014654161781946073
onlineshoppers,Vanilla,95,27,320,3,1,2,-1,0.03703703703703703,0.037037037037037035,26.0,24.166666666666668,24,1800,0.013333333333333334
onlineshoppers,Vanilla,96,27,313,3,1,1,-1,0.037037037037037035,0.037037037037037035,22.5,22.333333333333332,23,1598,0.014392991239048811
onlineshoppers,Vanilla,97,28,315,3,1,2,-1,0.03571428571428571,0.03571428571428571,21.0,22.05263157894737,24,1820,0.013186813186813187
onlineshoppers,Vanilla,98,27,307,3,1,1,-1,0.037037037037037035,0.03703703703703703,24.0,22.2,26,1616,0.01608910891089109
onlineshoppers,Vanilla,99,27,318,3,1,1,-1,0.037037037037037035,0.03703703703703703,20.5,23.65,24,1626,0.014760147601476014
onlineshoppers,Vanilla,100,26,346,2,1,1,-1,0.03846153846153847,0.038461538461538464,26.0,26.058823529411764,24,1800,0.013333333333333334
onlineshoppers,Vanilla,101,28,350,3,1,2,-1,0.03571428571428571,0.03571428571428571,25.0,24.458333333333332,25,1760,0.014204545454545454
onlineshoppers,Vanilla,102,27,314,3,1,1,-1,0.037037037037037035,0.03703703703703704,17.5,21.666666666666668,28,1652,0.01694915254237288
onlineshoppers,Vanilla,103,26,301,2,1,1,-1,0.038461538461538464,0.038461538461538464,25.5,22.772727272727273,24,1630,0.014723926380368098
onlineshoppers,Vanilla,104,26,332,2,1,1,-1,0.038461538461538464,0.03846153846153847,28.0,25.666666666666668,23,1650,0.013939393939393939
onlineshoppers,Vanilla,105,28,313,3,1,1,-1,0.035714285714285705,0.03571428571428571,20.0,21.73913043478261,27,1798,0.015016685205784204
onlineshoppers,Vanilla,106,28,333,3,1,2,-1,0.03571428571428572,0.03571428571428571,23.0,23.35,25,1898,0.013171759747102213
onlineshoppers,Vanilla,107,27,327,3,1,1,-1,0.037037037037037035,0.037037037037037035,23.5,22.9,25,1618,0.015451174289245983
onlineshoppers,Vanilla,108,27,335,2,1,1,-1,0.037037037037037035,0.03703703703703704,21.0,23.94736842105263,22,1792,0.012276785714285714
onlineshoppers,Vanilla,109,26,298,2,1,1,-1,0.03846153846153847,0.038461538461538464,23.5,23.45,25,1526,0.0163826998689384
onlineshoppers,Vanilla,110,26,310,3,1,1,-1,0.03846153846153845,0.03846153846153847,26.0,24.571428571428573,23,1664,0.013822115384615384
onlineshoppers,Vanilla,111,27,365,3,1,1,-1,0.037037037037037035,0.03703703703703704,31.0,27.526315789473685,26,1724,0.015081206496519721
onlineshoppers,Vanilla,112,27,343,3,1,2,-1,0.037037037037037035,0.037037037037037035,26.5,25.8,27,1846,0.014626218851570965
onlineshoppers,Vanilla,113,27,306,3,1,1,-1,0.03703703703703704,0.03703703703703704,22.0,22.055555555555557,26,1694,0.015348288075560802
onlineshoppers,Vanilla,114,26,326,3,1,2,-1,0.03846153846153846,0.038461538461538464,26.5,24.38888888888889,27,1786,0.015117581187010079
onlineshoppers,Vanilla,115,28,293,3,1,1,-1,0.03571428571428572,0.03571428571428572,15.0,19.428571428571427,23,1592,0.014447236180904523
onlineshoppers,Vanilla,116,26,328,3,1,1,-1,0.038461538461538464,0.03846153846153846,22.5,22.444444444444443,27,1624,0.0166256157635468
onlineshoppers,Vanilla,117,27,330,3,1,1,-1,0.037037037037037035,0.037037037037037035,19.5,22.90909090909091,24,1746,0.013745704467353952
onlineshoppers,Vanilla,118,26,333,2,1,1,-1,0.03846153846153846,0.038461538461538464,27.0,26.352941176470587,26,1754,0.014823261117445839
onlineshoppers,Vanilla,119,27,322,3,1,1,-1,0.037037037037037035,0.03703703703703703,19.0,22.61904761904762,23,1644,0.013990267639902677
onlineshoppers,Vanilla,120,27,330,3,1,2,-1,0.037037037037037035,0.037037037037037035,29.0,24.894736842105264,25,1850,0.013513513513513514
onlineshoppers,Vanilla,121,28,320,3,1,1,-1,0.03571428571428571,0.03571428571428571,16.5,20.444444444444443,23,1784,0.01289237668161435
onlineshoppers,Vanilla,122,28,325,3,1,1,-1,0.03571428571428571,0.03571428571428571,21.5,23.45,23,1828,0.012582056892778994
onlineshoppers,Vanilla,123,28,314,3,1,1,-1,0.03571428571428571,0.03571428571428571,23.0,23.25,27,1830,0.014754098360655738
onlineshoppers,Vanilla,124,28,328,3,1,2,-1,0.03571428571428572,0.035714285714285705,21.0,22.952380952380953,24,1768,0.013574660633484163
onlineshoppers,Vanilla,125,27,282,3,1,1,-1,0.03703703703703703,0.03703703703703704,17.0,20.652173913043477,28,1518,0.01844532279314888
onlineshoppers,Vanilla,126,26,332,3,1,1,-1,0.03846153846153845,0.038461538461538464,25.0,24.727272727272727,23,1774,0.012965050732807215
onlineshoppers,Vanilla,127,27,352,2,1,1,-1,0.037037037037037035,0.03703703703703704,27.0,25.36842105263158,24,1932,0.012422360248447204
onlineshoppers,Vanilla,128,27,317,3,1,1,-1,0.037037037037037035,0.037037037037037035,25.0,23.166666666666668,29,1678,0.01728247914183552
onlineshoppers,Vanilla,129,28,320,3,1,1,-1,0.03571428571428571,0.03571428571428571,22.0,23.12,26,1770,0.014689265536723164
onlineshoppers,Vanilla,130,27,326,3,1,1,-1,0.03703703703703703,0.03703703703703703,25.5,23.59090909090909,29,1590,0.018238993710691823
onlineshoppers,Vanilla,131,28,310,3,1,1,-1,0.03571428571428571,0.03571428571428571,19.0,21.17391304347826,23,1630,0.01411042944785276
onlineshoppers,Vanilla,132,25,293,3,1,2,-1,0.04,0.04,21.0,22.31578947368421,30,1672,0.017942583732057416
onlineshoppers,Vanilla,133,27,310,3,1,1,-1,0.037037037037037035,0.037037037037037035,18.5,21.4,26,1660,0.01566265060240964
onlineshoppers,Vanilla,134,27,323,3,1,2,-1,0.037037037037037035,0.037037037037037035,27.0,25.473684210526315,26,1972,0.013184584178498986
onlineshoppers,Vanilla,135,27,346,2,1,1,-1,0.037037037037037035,0.03703703703703703,22.5,24.454545454545453,25,1670,0.014970059880239521
onlineshoppers,Vanilla,136,27,296,3,1,1,-1,0.037037037037037035,0.037037037037037035,20.5,21.59090909090909,26,1660,0.01566265060240964
onlineshoppers,Vanilla,137,28,329,2,1,2,-1,0.03571428571428572,0.03571428571428571,23.0,23.095238095238095,25,1882,0.013283740701381509
onlineshoppers,Vanilla,138,27,294,3,1,1,-1,0.037037037037037035,0.03703703703703704,18.0,20.772727272727273,25,1550,0.016129032258064516
onlineshoppers,Vanilla,139,27,297,3,1,1,-1,0.03703703703703703,0.037037037037037035,23.0,21.77777777777778,28,1492,0.01876675603217158
onlineshoppers,Vanilla,140,27,322,3,1,1,-1,0.037037037037037035,0.037037037037037035,23.0,23.15,28,1814,0.015435501653803748
onlineshoppers,Vanilla,141,28,345,3,1,2,-1,0.035714285714285705,0.035714285714285705,24.5,24.25,25,1896,0.013185654008438819
onlineshoppers,Vanilla,142,27,300,3,1,1,-1,0.037037037037037035,0.037037037037037035,24.0,21.80952380952381,23,1698,0.013545347467608953
onlineshoppers,Vanilla,143,27,329,2,1,1,-1,0.037037037037037035,0.037037037037037035,26.0,24.238095238095237,22,1678,0.013110846245530394
onlineshoppers,Vanilla,144,27,321,2,1,1,-1,0.03703703703703703,0.03703703703703703,21.0,24.0,23,1682,0.013674197384066587
onlineshoppers,Vanilla,145,28,322,3,1,1,-1,0.03571428571428572,0.03571428571428571,27.0,23.944444444444443,25,1702,0.014688601645123384
onlineshoppers,Vanilla,146,28,325,3,1,1,-1,0.03571428571428571,0.03571428571428572,21.0,22.526315789473685,26,1706,0.015240328253223915
onlineshoppers,Vanilla,147,28,350,3,1,1,-1,0.03571428571428571,0.03571428571428572,24.0,24.8,23,1752,0.013127853881278538
onlineshoppers,Vanilla,148,26,320,3,1,1,-1,0.038461538461538464,0.03846153846153846,25.0,24.57894736842105,26,1650,0.01575757575757576
onlineshoppers,Vanilla,149,27,314,2,1,1,-1,0.037037037037037035,0.03703703703703703,25.5,24.1,25,1786,0.013997760358342666
onlineshoppers,Vanilla,150,27,350,2,1,1,-1,0.037037037037037035,0.03703703703703704,25.0,24.40909090909091,27,1744,0.01548165137614679
onlineshoppers,Vanilla,151,27,295,3,1,1,-1,0.03703703703703704,0.03703703703703703,19.0,21.571428571428573,26,1688,0.015402843601895734
onlineshoppers,Vanilla,152,26,333,2,1,1,-1,0.03846153846153847,0.03846153846153847,26.0,25.8,25,1716,0.014568764568764568
onlineshoppers,Vanilla,153,26,324,2,1,1,-1,0.03846153846153846,0.038461538461538464,27.0,25.157894736842106,22,1628,0.013513513513513514
onlineshoppers,Vanilla,154,26,319,3,1,2,-1,0.038461538461538464,0.038461538461538464,28.0,24.347826086956523,27,1802,0.014983351831298557
onlineshoppers,Vanilla,155,27,320,3,1,1,-1,0.037037037037037035,0.03703703703703703,28.0,24.130434782608695,28,1656,0.016908212560386472
onlineshoppers,Vanilla,156,26,346,2,1,1,-1,0.03846153846153848,0.03846153846153845,23.0,26.428571428571427,23,1826,0.012595837897042717
onlineshoppers,Vanilla,157,26,331,2,1,1,-1,0.03846153846153846,0.038461538461538464,20.5,23.6,24,1614,0.01486988847583643
onlineshoppers,Vanilla,158,28,276,3,1,1,-1,0.03571428571428571,0.03571428571428571,20.0,19.541666666666668,22,1508,0.014588859416445624
onlineshoppers,Vanilla,159,27,351,3,1,1,-1,0.037037037037037035,0.037037037037037035,27.0,26.095238095238095,25,1816,0.013766519823788546
onlineshoppers,Vanilla,160,26,317,2,1,1,-1,0.03846153846153845,0.038461538461538464,26.0,23.68421052631579,23,1582,0.014538558786346398
onlineshoppers,Vanilla,161,27,308,3,1,1,-1,0.037037037037037035,0.037037037037037035,22.0,22.72222222222222,31,1648,0.018810679611650484
onlineshoppers,Vanilla,162,27,309,3,1,1,-1,0.037037037037037035,0.03703703703703703,23.0,22.210526315789473,24,1626,0.014760147601476014
onlineshoppers,Vanilla,163,27,309,2,1,1,-1,0.03703703703703703,0.03703703703703703,23.0,23.05,28,1638,0.017094017094017096
onlineshoppers,Vanilla,164,26,311,2,1,1,-1,0.038461538461538464,0.03846153846153846,23.5,22.9,24,1708,0.01405152224824356
onlineshoppers,Vanilla,165,27,329,3,1,1,-1,0.037037037037037035,0.037037037037037035,22.0,22.63157894736842,25,1660,0.015060240963855422
onlineshoppers,Vanilla,166,26,322,2,1,1,-1,0.03846153846153847,0.038461538461538464,26.0,25.789473684210527,23,1676,0.013723150357995227
onlineshoppers,Vanilla,167,26,336,3,1,1,-1,0.03846153846153845,0.038461538461538464,24.0,23.952380952380953,29,1660,0.01746987951807229
onlineshoppers,Vanilla,168,28,320,3,1,1,-1,0.03571428571428571,0.03571428571428572,24.0,24.0,27,1608,0.016791044776119403
onlineshoppers,Vanilla,169,28,311,3,1,2,-1,0.03571428571428571,0.035714285714285705,21.5,21.916666666666668,24,1738,0.01380897583429229
onlineshoppers,Vanilla,170,26,321,2,1,1,-1,0.038461538461538464,0.038461538461538464,28.0,25.0,25,1642,0.015225334957369063
onlineshoppers,Vanilla,171,27,314,3,1,2,-1,0.037037037037037035,0.03703703703703704,23.0,22.9,25,1576,0.015862944162436547
onlineshoppers,Vanilla,172,28,324,3,1,3,-1,0.03571428571428571,0.03571428571428572,28.0,23.789473684210527,23,1588,0.014483627204030227
onlineshoppers,Vanilla,173,27,334,3,1,2,-1,0.037037037037037035,0.037037037037037035,22.5,24.227272727272727,25,1642,0.015225334957369063
onlineshoppers,Vanilla,174,26,324,2,1,1,-1,0.03846153846153847,0.03846153846153847,27.0,26.571428571428573,28,1712,0.016355140186915886
onlineshoppers,Vanilla,175,26,349,2,1,1,-1,0.03846153846153846,0.038461538461538464,29.5,27.15,23,1756,0.013097949886104784
onlineshoppers,Vanilla,176,28,343,3,1,1,-1,0.03571428571428572,0.035714285714285705,26.0,24.954545454545453,24,1844,0.013015184381778741
onlineshoppers,Vanilla,177,27,339,3,1,1,-1,0.037037037037037035,0.037037037037037035,25.0,23.57894736842105,29,1706,0.016998827667057445
onlineshoppers,Vanilla,178,27,316,3,1,3,-1,0.037037037037037035,0.03703703703703704,24.5,23.318181818181817,24,1714,0.014002333722287048
onlineshoppers,Vanilla,179,27,279,3,1,2,-1,0.037037037037037035,0.037037037037037035,25.0,21.444444444444443,25,1588,0.015743073047858942
onlineshoppers,Vanilla,180,28,298,3,1,1,-1,0.03571428571428572,0.035714285714285705,23.0,21.15,26,1682,0.015457788347205707
onlineshoppers,Vanilla,181,28,306,3,1,1,-1,0.03571428571428571,0.03571428571428571,26.0,22.681818181818183,32,1714,0.01866977829638273
onlineshoppers,Vanilla,182,27,329,2,1,1,-1,0.037037037037037035,0.037037037037037035,27.5,25.15,25,1670,0.014970059880239521
onlineshoppers,Vanilla,183,28,293,3,1,1,-1,0.03571428571428571,0.03571428571428572,19.0,21.15,29,1566,0.018518518518518517
onlineshoppers,Vanilla,184,28,336,3,1,1,-1,0.03571428571428572,0.03571428571428571,23.5,24.727272727272727,24,1908,0.012578616352201259
onlineshoppers,Vanilla,185,27,330,3,1,1,-1,0.03703703703703704,0.03703703703703703,24.0,23.666666666666668,26,1794,0.014492753623188406
onlineshoppers,Vanilla,186,28,339,3,1,1,-1,0.035714285714285705,0.03571428571428571,21.0,22.458333333333332,29,1756,0.01651480637813212
onlineshoppers,Vanilla,187,27,300,3,1,2,-1,0.03703703703703704,0.03703703703703704,16.5,20.61111111111111,26,1620,0.016049382716049384
onlineshoppers,Vanilla,188,28,331,3,1,2,-1,0.035714285714285705,0.03571428571428572,20.5,21.5,25,1742,0.014351320321469576
onlineshoppers,Vanilla,189,26,306,3,1,2,-1,0.03846153846153845,0.03846153846153846,22.5,22.6875,28,1764,0.015873015873015872
onlineshoppers,Vanilla,190,26,290,2,1,1,-1,0.038461538461538464,0.038461538461538464,24.0,22.7,21,1594,0.013174404015056462
onlineshoppers,Vanilla,191,27,327,3,1,2,-1,0.037037037037037035,0.037037037037037035,21.0,23.55,26,1648,0.015776699029126214
onlineshoppers,Vanilla,192,26,311,2,1,1,-1,0.03846153846153846,0.03846153846153847,26.0,23.57894736842105,22,1718,0.012805587892898719
onlineshoppers,Vanilla,193,27,277,3,1,2,-1,0.037037037037037035,0.037037037037037035,23.5,21.363636363636363,21,1540,0.013636363636363636
onlineshoppers,Vanilla,194,27,325,3,1,1,-1,0.03703703703703704,0.037037037037037035,24.0,23.58823529411765,24,1682,0.014268727705112961
onlineshoppers,Vanilla,195,27,307,3,1,2,-1,0.037037037037037035,0.037037037037037035,18.0,21.736842105263158,23,1632,0.014093137254901961
onlineshoppers,Vanilla,196,27,308,3,1,1,-1,0.03703703703703704,0.03703703703703704,22.0,21.454545454545453,28,1648,0.01699029126213592
onlineshoppers,Vanilla,197,27,312,3,1,1,-1,0.03703703703703703,0.037037037037037035,22.5,23.2,31,1832,0.016921397379912665
onlineshoppers,Vanilla,198,27,326,3,1,1,-1,0.037037037037037035,0.037037037037037035,22.5,23.4,20,1632,0.012254901960784314
onlineshoppers,Vanilla,199,28,294,3,1,2,-1,0.03571428571428571,0.03571428571428571,21.0,21.952380952380953,24,1634,0.014687882496940025
onlineshoppers,Vanilla,200,26,354,2,1,1,-1,0.03846153846153846,0.03846153846153846,29.0,26.5,24,1732,0.013856812933025405
onlineshoppers,Vanilla,201,27,290,3,1,2,-1,0.037037037037037035,0.037037037037037035,27.0,22.38888888888889,27,1710,0.015789473684210527
onlineshoppers,Vanilla,202,27,321,3,1,1,-1,0.037037037037037035,0.037037037037037035,22.5,23.166666666666668,27,1614,0.016728624535315983
onlineshoppers,Vanilla,203,27,328,3,1,1,-1,0.03703703703703704,0.037037037037037035,22.5,23.8,22,1724,0.012761020881670533
onlineshoppers,Vanilla,204,26,312,3,1,2,-1,0.038461538461538464,0.038461538461538464,22.0,22.235294117647058,25,1688,0.01481042654028436
onlineshoppers,Vanilla,205,28,328,3,1,1,-1,0.035714285714285705,0.03571428571428571,20.5,22.45,24,1766,0.013590033975084938
onlineshoppers,Vanilla,206,26,317,2,1,1,-1,0.03846153846153845,0.03846153846153847,22.0,22.68421052631579,26,1586,0.01639344262295082
onlineshoppers,Vanilla,207,27,313,3,1,1,-1,0.03703703703703704,0.037037037037037056,27.0,23.894736842105264,24,1774,0.013528748590755355
onlineshoppers,Vanilla,208,28,312,3,1,1,-1,0.03571428571428571,0.03571428571428571,23.5,22.75,25,1628,0.015356265356265357
onlineshoppers,Vanilla,209,28,290,3,1,2,-1,0.03571428571428571,0.03571428571428572,19.0,19.727272727272727,26,1562,0.016645326504481434
onlineshoppers,Vanilla,210,26,316,3,1,2,-1,0.038461538461538464,0.038461538461538464,22.0,22.476190476190474,24,1796,0.013363028953229399
onlineshoppers,Vanilla,211,28,317,3,1,2,-1,0.035714285714285705,0.03571428571428571,22.0,22.7,24,1734,0.01384083044982699
onlineshoppers,Vanilla,212,26,339,3,1,1,-1,0.038461538461538464,0.03846153846153847,24.0,25.238095238095237,23,1822,0.012623490669593854
onlineshoppers,Vanilla,213,27,317,3,1,1,-1,0.037037037037037035,0.037037037037037035,23.0,22.571428571428573,29,1612,0.017990074441687345
onlineshoppers,Vanilla,214,26,319,3,1,1,-1,0.03846153846153847,0.038461538461538464,26.0,24.904761904761905,23,1608,0.014303482587064677
onlineshoppers,Vanilla,215,27,325,3,1,1,-1,0.03703703703703703,0.03703703703703704,21.0,22.5,24,1718,0.013969732246798603
onlineshoppers,Vanilla,216,27,307,3,1,1,-1,0.037037037037037035,0.03703703703703703,21.0,21.157894736842106,31,1682,0.018430439952437573
onlineshoppers,Vanilla,217,28,313,3,1,1,-1,0.03571428571428571,0.03571428571428572,19.5,21.75,23,1728,0.013310185185185185
onlineshoppers,Vanilla,218,27,320,3,1,1,-1,0.037037037037037035,0.03703703703703703,27.0,24.210526315789473,24,1710,0.014035087719298246
onlineshoppers,Vanilla,219,27,312,3,1,3,-1,0.03703703703703703,0.037037037037037035,24.0,23.761904761904763,25,1696,0.01474056603773585
onlineshoppers,Vanilla,220,27,322,3,1,1,-1,0.037037037037037035,0.037037037037037035,25.0,24.0,25,1648,0.01516990291262136
onlineshoppers,Vanilla,221,28,289,3,1,2,-1,0.03571428571428571,0.03571428571428571,28.5,23.27777777777778,25,1652,0.01513317191283293
onlineshoppers,Vanilla,222,27,288,3,1,2,-1,0.03703703703703704,0.03703703703703704,21.5,20.90909090909091,27,1540,0.01753246753246753
onlineshoppers,Vanilla,223,27,312,3,1,1,-1,0.037037037037037035,0.037037037037037035,26.5,23.8,23,1696,0.013561320754716982
onlineshoppers,Vanilla,224,27,321,3,1,1,-1,0.03703703703703703,0.037037037037037035,23.0,23.09090909090909,25,1564,0.0159846547314578
onlineshoppers,Vanilla,225,28,305,3,1,2,-1,0.03571428571428571,0.03571428571428571,25.0,23.59090909090909,28,1526,0.01834862385321101
onlineshoppers,Vanilla,226,27,306,3,1,1,-1,0.037037037037037035,0.037037037037037035,24.0,22.095238095238095,25,1592,0.015703517587939697
onlineshoppers,Vanilla,227,27,302,2,1,1,-1,0.037037037037037035,0.03703703703703704,24.5,23.555555555555557,26,1692,0.015366430260047281
onlineshoppers,Vanilla,228,27,321,3,1,1,-1,0.037037037037037035,0.03703703703703703,23.0,22.636363636363637,23,1850,0.012432432432432432
onlineshoppers,Vanilla,229,26,336,2,1,1,-1,0.03846153846153846,0.038461538461538464,28.0,25.68421052631579,27,1746,0.015463917525773196
onlineshoppers,Vanilla,230,25,317,2,1,2,-1,0.039999999999999994,0.04000000000000001,28.0,24.58823529411765,30,1818,0.0165016501650165
onlineshoppers,Vanilla,231,26,317,2,1,1,-1,0.03846153846153845,0.03846153846153847,26.0,24.904761904761905,27,1522,0.017739816031537452
onlineshoppers,Vanilla,232,25,300,2,1,2,-1,0.04,0.04000000000000001,28.0,26.0,36,1690,0.021301775147928994
onlineshoppers,Vanilla,233,28,320,3,1,1,-1,0.03571428571428572,0.03571428571428571,18.5,21.055555555555557,31,1780,0.01741573033707865
onlineshoppers,Vanilla,234,26,331,2,1,1,-1,0.038461538461538464,0.03846153846153847,30.0,26.238095238095237,28,1808,0.015486725663716814
onlineshoppers,Vanilla,235,26,293,3,1,2,-1,0.038461538461538464,0.03846153846153847,23.0,22.0,26,1666,0.015606242496998799
onlineshoppers,Vanilla,236,28,328,3,1,1,-1,0.035714285714285705,0.03571428571428571,22.0,22.428571428571427,24,1830,0.013114754098360656
onlineshoppers,Vanilla,237,26,341,2,1,1,-1,0.038461538461538464,0.038461538461538464,30.5,28.0,22,1858,0.011840688912809472
onlineshoppers,Vanilla,238,27,334,3,1,1,-1,0.037037037037037035,0.037037037037037035,27.0,24.63157894736842,25,1796,0.013919821826280624
onlineshoppers,Vanilla,239,27,285,3,1,1,-1,0.03703703703703703,0.03703703703703704,22.0,20.904761904761905,25,1564,0.0159846547314578
onlineshoppers,Vanilla,240,27,310,3,1,1,-1,0.03703703703703704,0.03703703703703703,20.0,21.0,26,1806,0.014396456256921373
onlineshoppers,Vanilla,241,27,303,3,1,2,-1,0.037037037037037035,0.03703703703703704,26.0,22.263157894736842,23,1582,0.014538558786346398
onlineshoppers,Vanilla,242,28,333,3,1,1,-1,0.035714285714285705,0.03571428571428572,26.0,25.333333333333332,26,1658,0.015681544028950542
onlineshoppers,Vanilla,243,26,321,2,1,1,-1,0.038461538461538464,0.03846153846153846,28.5,27.1,24,1722,0.013937282229965157
onlineshoppers,Vanilla,244,25,323,2,1,2,-1,0.04000000000000001,0.04,27.5,25.38888888888889,24,1798,0.013348164627363738
onlineshoppers,Vanilla,245,27,335,2,1,1,-1,0.037037037037037035,0.037037037037037035,29.0,25.533333333333335,24,1732,0.013856812933025405
onlineshoppers,Vanilla,246,26,307,3,1,1,-1,0.038461538461538464,0.038461538461538464,23.5,24.15,29,1638,0.017704517704517704
onlineshoppers,Vanilla,247,26,317,2,1,1,-1,0.038461538461538464,0.038461538461538464,30.5,26.7,24,1534,0.01564537157757497
onlineshoppers,Vanilla,248,28,319,3,1,1,-1,0.03571428571428571,0.03571428571428572,19.0,22.157894736842106,25,1724,0.014501160092807424
onlineshoppers,Vanilla,249,27,331,2,1,1,-1,0.03703703703703704,0.037037037037037035,20.5,22.272727272727273,25,1688,0.01481042654028436
onlineshoppers,Vanilla,250,26,309,2,1,1,-1,0.03846153846153847,0.03846153846153846,24.0,24.857142857142858,27,1662,0.016245487364620937
onlineshoppers,Vanilla,251,26,319,2,1,1,-1,0.038461538461538464,0.03846153846153847,26.5,25.45,25,1654,0.015114873035066506
onlineshoppers,Vanilla,252,27,301,3,1,2,-1,0.037037037037037035,0.037037037037037035,26.5,25.05,31,1626,0.019065190651906518
onlineshoppers,Vanilla,253,28,308,3,1,1,-1,0.035714285714285705,0.035714285714285705,24.0,22.095238095238095,22,1748,0.012585812356979404
onlineshoppers,Vanilla,254,28,341,3,1,1,-1,0.035714285714285705,0.03571428571428572,23.5,24.944444444444443,26,1670,0.015568862275449102
onlineshoppers,Vanilla,255,25,322,3,1,1,-1,0.04,0.04000000000000001,27.0,25.894736842105264,25,1702,0.014688601645123384
onlineshoppers,Vanilla,256,26,325,2,1,1,-1,0.03846153846153846,0.038461538461538464,28.5,26.055555555555557,30,1672,0.017942583732057416
onlineshoppers,Vanilla,257,27,320,3,1,1,-1,0.037037037037037035,0.037037037037037035,23.5,23.454545454545453,30,1580,0.0189873417721519
onlineshoppers,Vanilla,258,27,348,3,1,1,-1,0.03703703703703704,0.03703703703703704,24.0,25.0,27,1904,0.014180672268907563
onlineshoppers,Vanilla,259,27,328,3,1,1,-1,0.037037037037037035,0.03703703703703703,23.5,23.636363636363637,25,1680,0.01488095238095238
onlineshoppers,Vanilla,260,27,329,3,1,1,-1,0.03703703703703704,0.03703703703703703,21.5,22.77777777777778,28,1712,0.016355140186915886
onlineshoppers,Vanilla,261,27,305,3,1,1,-1,0.03703703703703704,0.03703703703703703,29.0,24.72222222222222,23,1790,0.012849162011173185
onlineshoppers,Vanilla,262,27,355,3,1,1,-1,0.037037037037037035,0.037037037037037035,23.0,24.85,26,1814,0.014332965821389196
onlineshoppers,Vanilla,263,28,300,3,1,3,-1,0.03571428571428571,0.03571428571428571,23.0,21.952380952380953,29,1710,0.01695906432748538
onlineshoppers,Vanilla,264,27,327,3,1,1,-1,0.037037037037037035,0.037037037037037035,29.0,25.263157894736842,31,1730,0.017919075144508672
onlineshoppers,Vanilla,265,27,326,2,1,1,-1,0.03703703703703703,0.03703703703703704,27.0,25.045454545454547,27,1664,0.01622596153846154
onlineshoppers,Vanilla,266,27,296,3,1,1,-1,0.037037037037037035,0.037037037037037035,20.0,21.217391304347824,22,1470,0.014965986394557823
onlineshoppers,Vanilla,267,27,310,3,1,1,-1,0.037037037037037035,0.03703703703703704,20.0,21.666666666666668,24,1612,0.01488833746898263
onlineshoppers,Vanilla,268,26,319,2,1,1,-1,0.038461538461538464,0.03846153846153845,31.0,25.4,27,1656,0.016304347826086956
onlineshoppers,Vanilla,269,26,305,3,1,1,-1,0.038461538461538464,0.03846153846153845,25.0,23.714285714285715,23,1540,0.014935064935064935
onlineshoppers,Vanilla,270,28,347,3,1,1,-1,0.03571428571428572,0.03571428571428571,25.0,24.05263157894737,26,1784,0.014573991031390135
onlineshoppers,Vanilla,271,26,323,3,1,1,-1,0.03846153846153847,0.03846153846153846,28.0,25.263157894736842,23,1744,0.013188073394495414
onlineshoppers,Vanilla,272,26,346,2,1,1,-1,0.038461538461538464,0.03846153846153845,26.5,25.227272727272727,26,1924,0.013513513513513514
onlineshoppers,Vanilla,273,26,322,2,1,1,-1,0.03846153846153847,0.03846153846153845,22.5,23.88888888888889,27,1626,0.016605166051660517
onlineshoppers,Vanilla,274,27,354,3,1,1,-1,0.037037037037037035,0.037037037037037035,24.0,25.761904761904763,30,1818,0.0165016501650165
onlineshoppers,Vanilla,275,27,335,3,1,1,-1,0.037037037037037035,0.037037037037037035,28.5,25.454545454545453,23,1710,0.013450292397660818
onlineshoppers,Vanilla,276,27,302,3,1,1,-1,0.03703703703703703,0.037037037037037035,15.0,20.0,24,1562,0.015364916773367477
onlineshoppers,Vanilla,277,25,316,2,1,2,-1,0.04,0.04,21.0,21.789473684210527,25,1784,0.014013452914798207
onlineshoppers,Vanilla,278,26,301,2,1,1,-1,0.03846153846153847,0.038461538461538464,23.0,23.27777777777778,24,1702,0.01410105757931845
onlineshoppers,Vanilla,279,28,338,3,1,2,-1,0.03571428571428571,0.03571428571428571,24.5,24.0,27,1852,0.014578833693304536
onlineshoppers,Vanilla,280,27,333,3,1,1,-1,0.037037037037037035,0.037037037037037035,27.0,25.894736842105264,22,1678,0.013110846245530394
onlineshoppers,Vanilla,281,27,325,3,1,1,-1,0.03703703703703704,0.037037037037037035,29.0,26.714285714285715,23,1728,0.013310185185185185
onlineshoppers,Vanilla,282,26,297,3,1,2,-1,0.03846153846153845,0.038461538461538464,22.0,22.285714285714285,25,1774,0.014092446448703494
onlineshoppers,Vanilla,283,28,298,3,1,1,-1,0.03571428571428571,0.03571428571428572,24.5,22.181818181818183,30,1590,0.018867924528301886
onlineshoppers,Vanilla,284,27,292,3,1,1,-1,0.03703703703703704,0.037037037037037035,22.0,20.57894736842105,25,1674,0.014934289127837515
onlineshoppers,Vanilla,285,27,291,3,1,2,-1,0.03703703703703704,0.037037037037037035,20.0,22.333333333333332,22,1502,0.014647137150466045
onlineshoppers,Vanilla,286,26,330,2,1,1,-1,0.03846153846153845,0.03846153846153847,27.5,26.35,25,1644,0.015206812652068127
onlineshoppers,Vanilla,287,27,306,3,1,2,-1,0.037037037037037035,0.037037037037037035,27.0,23.904761904761905,23,1690,0.013609467455621301
onlineshoppers,Vanilla,288,28,306,3,1,2,-1,0.03571428571428571,0.03571428571428572,22.0,21.772727272727273,30,1600,0.01875
onlineshoppers,Vanilla,289,27,315,3,1,1,-1,0.03703703703703704,0.037037037037037035,26.0,24.0,24,1606,0.014943960149439602
onlineshoppers,Vanilla,290,27,325,3,1,1,-1,0.037037037037037035,0.037037037037037035,21.0,22.68421052631579,25,1592,0.015703517587939697
onlineshoppers,Vanilla,291,27,319,3,1,1,-1,0.037037037037037035,0.037037037037037035,23.0,23.666666666666668,26,1626,0.015990159901599015
onlineshoppers,Vanilla,292,27,327,2,1,1,-1,0.037037037037037035,0.037037037037037035,21.0,22.210526315789473,26,1658,0.015681544028950542
onlineshoppers,Vanilla,293,28,319,3,1,1,-1,0.03571428571428571,0.03571428571428571,20.0,22.38095238095238,26,1596,0.016290726817042606
onlineshoppers,Vanilla,294,26,321,2,1,1,-1,0.03846153846153847,0.03846153846153846,29.0,27.066666666666666,30,1750,0.017142857142857144
onlineshoppers,Vanilla,295,27,325,3,1,1,-1,0.037037037037037035,0.037037037037037035,23.0,24.19047619047619,28,1740,0.016091954022988506
onlineshoppers,Vanilla,296,28,304,3,1,1,-1,0.03571428571428571,0.035714285714285705,20.0,21.555555555555557,26,1774,0.014656144306651634
onlineshoppers,Vanilla,297,28,321,3,1,1,-1,0.03571428571428571,0.03571428571428571,23.0,23.32,29,1640,0.01768292682926829
onlineshoppers,Vanilla,298,27,306,3,1,1,-1,0.03703703703703704,0.03703703703703704,19.0,22.38095238095238,25,1576,0.015862944162436547
onlineshoppers,Vanilla,299,28,365,3,1,1,-1,0.03571428571428571,0.03571428571428571,23.0,24.31578947368421,25,1914,0.013061650992685475
